start rec...
speeking...
frm_num=109
-59, 40, 30, 48, 45, 45, 39, 42, 47, 49, 42, 41, 22, -368, 46, 40, 133, -5, 0, -26, -38, 28, -69, 10, 69, -401, -38, 55, 118, 72, -44, -9, 8, 66, -82,
-66, -34, -421, 23, 90, 114, 32, 34, -10, -13, 55, -39, -49, -19, -408, 24, -1, 136, -36, 20, 24, 42, 6, -68, -19, 36, -443, 35, 4, 115, 2, 21, -34, -31, 16,
-106, -50, 70, -367, 32, 21, 155, -28, 22, -103, -66, 31, -82, 31, 120, -362, 36, 28, 152, -39, 39, -117, -113, 48, -21, 29, 156, -331, -46, 5, 154, -32, 117, -102, -103,
20, -57, 36, 175, -315, -58, -50, 165, 7, 66, -53, -88, -18, -36, 48, 148, -292, -117, -42, 169, -31, 93, -90, -30, -47, -62, 34, 120, -228, -77, -84, 130, -73, 59, -58,
74, -48, -108, 12, 155, -244, -65, -107, 60, -84, 84, -49, 54, -52, -111, 0, 152, -148, -80, -132, 63, -87, 107, -82, 42, -21, -50, -11, 169, -161, -44, -91, 51, -114, 65,
-66, 41, -10, -78, -2, 175, -165, 4, -62, 93, -84, 28, -103, -2, 5, -41, 46, 221, -178, -32, -88, 91, -12, 22, -97, -6, -15, -60, 18, 226, -145, -37, -92, 79, 19,
28, -12, -8, -25, -42, 36, 219, -153, -40, -9, 150, 16, -27, -55, -7, -2, 36, 31, 155, -125, -116, -12, 207, 13, 67, -16, 18, 32, -86, 27, 96, -192, -121, -53, 87,
4, 100, 7, -37, 32, -19, 35, 53, -154, -104, 12, 94, 10, 60, 55, -34, -16, -25, -7, 15, -121, -54, 12, 111, 51, 0, 37, 37, -32, -33, -30, -1, -165, -91, 6,
130, 0, 12, 21, 27, 25, 15, 47, 27, -179, -73, 52, 129, 60, -22, 20, -50, -55, -8, -20, 73, -77, -103, 21, 76, 64, -24, 6, 50, -42, -84, -23, 69, -67, -105,
-51, 63, 26, 23, 10, -1, -81, -25, -33, 94, -131, -105, 2, 77, -8, 40, -22, 12, -65, -39, -59, 261, -59, -44, -99, -34, -9, 18, -14, -41, -56, -1, -10, 218, -182,
4, -145, -28, -3, -15, -15, 0, -59, -40, 2, 187, -150, 11, -145, -28, -1, 26, 6, 20, -99, -74, 30, 215, -157, 39, -176, -47, 41, 60, -25, 27, -81, -106, 46, 178,
-169, 1, -230, -14, 112, -7, -17, 27, -117, -94, 1, 166, -187, -5, -286, 32, 137, 30, -17, 51, -82, -49, -21, 175, -192, -52, -296, 36, 145, 18, -14, 48, -78, -54, -15,
150, -212, -42, -258, 22, 145, 80, -18, 48, -121, -67, -7, 115, -245, -39, -199, 15, 161, 26, 46, 71, -117, -41, -25, 113, -238, -30, -196, -21, 127, -2, 24, 82, -126, -8,
52, 90, -157, -15, -229, -43, 108, 29, 47, 107, -101, 47, 53, 172, -198, 1, -259, -36, 66, -16, 36, 108, -51, 45, 39, 244, -131, -12, -231, -97, 36, -29, 34, 76, -74,
1, 35, 256, -82, 28, -159, -65, 28, -57, 1, 72, -100, -5, -35, 280, -36, 66, -149, -41, 48, -47, 24, 36, -83, -11, -33, 271, -6, 73, -117, -73, 47, -50, 28, 63,
-72, -49, -51, 217, -61, 74, -122, -37, 50, -22, 14, -31, -86, -2, -54, 195, -48, 101, -71, -25, 42, -33, 18, 19, -52, -41, -46, 158, 10, 158, -70, -2, 59, -11, -13,
-17, -79, -66, 3, 189, -32, 69, -71, -4, 77, -60, 11, 30, -55, -39, -3, 224, -46, 16, -46, 15, 86, -7, 28, 0, -81, -62, -20, 204, -46, 87, -24, 3, 76, -23,
29, 43, -55, -70, -13, 195, 28, 133, -78, -14, 93, 26, 15, 17, -86, -136, -38, 186, -6, 90, -8, 29, 77, 33, 27, 10, -86, -84, -1, 220, 31, 109, -33, -15, 38,
-14, 47, 33, -67, -20, 26, 228, 16, 80, -8, 14, 106, -16, 3, 24, -68, -66, -25, 274, -11, 110, 35, -10, 24, -19, 5, 9, -62, -78, -9, 257, 32, 101, -14, 11,
8, -16, 43, -2, -51, -72, -49, 217, -25, 19, -28, -5, 5, 22, 60, 5, -44, -39, -12, 196, -69, -34, -74, -1, 0, 5, 107, 30, -20, 50, 48, 306, -212, -91, -145,
-52, 26, 110, 69, -70, 19, 26, 18, 240, -265, -120, -129, 25, 42, 66, 1, -79, 53, 18, 21, 192, -340, -78, -7, 18, 61, -7, -18, -29, 32, 1, -8, 180, -342, -99,
18, 70, 54, 15, -37, -51, 44, 33, -2, 122, -414, -113, 13, 63, 60, 0, 46, -67, 77, -9, -5, 72, -412, -88, -22, 85, 58, -12, 73, -46, 100, 10, 23, 72, -448,
-59, -26, 131, 55, 14, 56, -39, 100, -10, 3, 122, -432, -14, -75, 140, 21, 52, 38, -47, 108, -47, 1, 181, -387, 5, -15, 125, 54, 55, -8, -35, 45, 12, 33, 222,
-316, 17, -79, 103, 71, 20, -25, -13, 46, 3, -30, 195, -229, 36, -120, 96, 84, -8, -47, 3, -26, 52, -2, 210, -196, 13, -87, 64, 60, -13, -15, -7, -14, 10, -10,
184, -192, 22, -112, 84, 88, -23, 24, 28, -18, 29, -72, 129, -260, -48, -61, 146, 77, -77, 31, 40, 27, 5, -32, 137, -303, -27, -16, 167, 35, -64, 53, -4, 17, 17,
20, 156, -253, 0, -23, 89, 55, -21, 36, 3, 17, -21, -25, 174, -210, -26, 22, 122, 78, 17, -20, -54, 15, -13, -17, 178, -175, -28, -69, 124, 66, 26, 20, -58, 26,
0, -51, 143, -139, 29, -84, 125, 80, 5, 81, -72, -50, -5, -7, 118, -179, -17, -42, 101, 54, -14, -12, -71, 1, -41, -26, -43, -77, -80, -47, 158, 61, -9, 17, 20,
-3, -12, 19, -28, -148, -71, -63, 100, 35, 0, 62, 34, -19, 21, -24, 11, -194, -90, -44, 127, 32, -3, 58, 38, 62, 55, 11, 19, -181, -17, 35, 157, 63, -61, 0,
33, 18, 4, -23, 86, -163, -31, 24, 140, 119, -35, -13, -2, -1, 7, -58, 72, -134, -31, 53, 168, 83, -34, -38, 7, 20, -13, 2, -47, -56, -105, 30, 219, 13, 21,
4, 37, -30, -29, -8, -129, -8, -80, 30, 100, -40, 58, 11, 44, -49, 33, -8, 28, 101, -44, -5, 109, -59, 2, -73, 62, 25, 17, 14, 155, 148, -104, -90, 35, -52,
-57, 5, 29, 25, 34, -71, 196, 76, -76, -74, 46, -97, -29, 17, 22, 6, 14, -23, 177, 136, -67, -126, 17, -114, -8, 10, 69, 26, 0, -41, 192, 129, -30, -164, 46,
-51, -19, 38, 45, 11, -27, -80, 178, 164, 11, -167, 4, -58, -69, 87, 79, 0, 2, -75, 186, 173, -6, -213, 42, -82, -11, 99, 75, -1, -9, -66, 238, 129, -8, -235,
20, 6, -30, 117, 40, 5, -12, -63, 221, 112, -5, -208, 0, -15, -25, 140, 89, -65, -31, -42, 224, 105, 65, -280, 10, 24, -41, 95, 116, -29, -40, -41, 232, 82, 54,
-198, -37, -24, -25, 69, 136, -13, -54, -57, 272, 57, 31, -140, -75, -25, 7, 70, 79, 16, -71, -62, 234, 55, -22, -164, -46, 10, 14, 111, 54, -34, -81, -13, 289, -55,
-63, -120, -51, -48, 25, 86, 52, 1, -47, -21, 221, -13, -13, -137, -34, -11, 20, 97, -25, -15, 57, 14, 259, 6, 24, -82, 31, -22, -18, 71, 38, -29, 0, 6, 284,
17, -12, -57, 67, 5, 23, 144, 9, -54, 1, -36, 276, 12, 24, -75, 60, 4, 28, 147, 32, -39, -28, -76, 240, 0, -3, -67, 39, 16, 19, 139, 70, -16, -30, -50,
176, -48, -77, -83, 47, -21, -33, 136, 66, -27, 37, 46, 257, -41, -24, -83, 45, -80, -58, 158, 74, -38, 5, -3, 381, -41, -110, -63, 61, -83, -45, 140, 61, -43, -16,
2, 435, -39, -178, -75, 92, -35, -54, 84, 54, -14, -36, -25, 0, 0, 0, 0, 0, 0, 0, 0, 0, 0, 0, 0, 0, 0, 0, 0, 0, 0, 0, 0, 0, 0,
0, 0, 0, 0, 0, 0, 0, 0, 0, 0, 0, 0, 0, 0, 0, 0, 0, 0, 0, 0, 0, 0, 0, 0, 0, 0, 0, 0, 0, 0, 0, 0, 0, 0, 0,
0, 0, 0, 0, 0, 0, 0, 0, 0, 0, 0, 0, 0, 0, 0, 0, 0, 0, 0, 0, 0, 0, 0, 0, 0, 0, 0, 0, 0, 0, 0, 0, 0, 0, 0,
0, 0, 0, 0, 0, 0, 0, 0, 0, 0, 0, 0, 0, 0, 0, 0, 0, 0, 0, 0, 0, 0, 0, 0, 0, 0, 0, 0, 0, 0, 0, 0, 0, 0, 0,
0, 0, 0, 0, 0, 0, 0, 0, 0, 0, 0, 0, 0, 0, 0, 0, 0, 0, 0, 0, 0, 0, 0, 0, 0, 0, 0, 0, 0, 0, 0, 0, 0, 0, 0,
0, 0, 0, 0, 0, 0, 0, 0, 0, 0, 0, 0, 0, 0, 0, 0, 0, 0, 0, 0, 0, 0, 0, 0, 0, 0, 0, 0, 0, 0, 0, 0, 0, 0, 0,
0, 0, 0, 0, 0, 0, 0, 0, 0, 0, 0, 0, 0, 0, 0, 0, 0, 0, 0, 0, 0, 0, 0, 0, 0, 0, 0, 0, 0, 0, 0, 0, 0, 0, 0,
0, 0, 0, 0, 0, 0, 0, 0, 0, 0, 0, 0, 0, 0, 0, 0, 0, 0, 0, 0, 0, 0, 0, 0, 0, 0, 0, 0, 0, 0, 0, 0, 0, 0, 0,
0, 0, 0, 0, 0, 0, 0, 0, 0, 0, 0, 0, 0, 0, 0, 0, 0, 0, 0, 0, 0, 0, 0, 0, 0, 0, 0, 0, 0, 0, 0, 0, 0, 0, 0,
0, 0, 0, 0, 0, 0, 0, 0, 0, 0, 0, 0, 0, 0, 0, 0, 0, 0, 0, 0, 0, 0, 0, 0, 0, 0, 0, 0, 0, 0, 0, 0, 0, 0, 0,
0, 0, 0, 0, 0, 0, 0, 0, 0, 0, 0, 0, 0, 0, 0, 0, 0, 0, 0, 0, 0, 0, 0, 0, 0, 0, 0, 0, 0, 0, 0, 0, 0, 0, 0,
0, 0, 0, 0, 0, 0, 0, 0, 0, 0, 0, 0, 0, 0, 0, 0, 0, 0, 0, 0, 0, 0, 0, 0, 0, 0, 0, 0, 0, 0, 0, 0, 0, 0, 0,
0, 0, 0, 0, 0, 0, 0, 0, 0, 0, 0, 0, 0, 0, 0, 0, 0, 0, 0, 0, 0, 0, 0, 0, 0, 0, 0, 0, 0, 0, 0, 0, 0, 0, 0,
0, 0, 0, 0, 0, 0, 0, 0, 0, 0, 0, 0, 0, 0, 0, 0, 0, 0, 0, 0, 0, 0, 0, 0, 0, 0, 0, 0, 0, 0, 0, 0, 0, 0, 0,
0, 0, 0, 0, 0, 0, 0, 0, 0, 0, 0, 0, 0, 0, 0, 0, 0, 0, 0, 0, 0, 0, 0, 0, 0, 0, 0, 0, 0, 0, 0, 0, 0, 0, 0,
0, 0, 0, 0, 0, 0, 0, 0, 0, 0, 0, 0, 0, 0, 0, 0, 0, 0, 0, 0, 0, 0, 0, 0, 0, 0, 0, 0, 0, 0, 0, 0, 0, 0, 0,
0, 0, 0, 0, 0, 0, 0, 0, 0, 0, 0, 0, 0, 0, 0, 0, 0, 0, 0, 0, 0, 0, 0, 0, 0, 0, 0, 0, 0, 0, 0, 0, 0, 0, 0,
0, 0, 0, 0, 0, 0, 0, 0, 0, 0, 0, 0, 0, 0, 0, 0, 0, 0, 0, 0, 0, 0, 0, 0, 0, 0, 0, 0, 0, 0, 0, 0, 0, 0, 0,
0, 0, 0, 0, 0, 0, 0, 0, 0, 0, 0, 0, 0, 0, 0, 0, 0, 0, 0, 0, 0, 0, 0, 0, 0, 0, 0, 0, 0, 0, 0, 0, 0, 0, 0,
0, 0, 0, 0, 0, 0, 0, 0, 0, 0, 0, 0, 0, 0, 0, 0, 0, 0, 0, 0, 0, 0, 0, 0, 0, 0, 0, 0, 0, 0, 0, 0, 0, 0, 0,
0, 0, 0, 0, 0, 0, 0, 0, 0, 0, 0, 0, 0, 0, 0, 0, 0, 0, 0, 0, 0, 0, 0, 0, 0, 0, 0, 0, 0, 0, 0, 0, 0, 0, 0,
0, 0, 0, 0, 0, 0, 0, 0, 0, 0, 0, 0, 0, 0, 0, 0, 0, 0, 0, 0, 0, 0, 0, 0, 0, 0, 0, 0, 0, 0, 0, 0, 0, 0, 0,
0, 0, 0, 0, 0, 0, 0, 0, 0, 0, 0, 0, 0, 0, 0, 0, 0, 0, 0, 0, 0, 0, 0, 0, 0, 0, 0, 0, 0, 0, 0, 0, 0, 0, 0,
0, 0, 0, 0, 0, 0, 0, 0, 0, 0, 0, 0, 0, 0, 0, 0, 0, 0, 0, 0, 0, 0, 0, 0, 0, 0, 0, 0, 0, 0, 0, 0, 0, 0, 0,
0, 0, 0, 0, 0, 0, 0, 0, 0, 0, 0, 0, 0, 0, 0, 0, 0, 0, 0, 0, 0, 0, 0, 0, 0, 0, 0, 0, 0, 0, 0, 0, 0, 0, 0,
0, 0, 0, 0, 0, 0, 0, 0, 0, 0, 0, 0, 0, 0, 0, 0, 0, 0, 0, 0, 0, 0, 0, 0, 0, 0, 0, 0, 0, 0, 0, 0, 0, 0, 0,
0, 0, 0, 0, 0, 0, 0, 0, 0, 0, 0, 0, 0, 0, 0, 0, 0, 0, 0, 0, 0, 0, 0, 0, 0, 0, 0, 0, 0, 0, 0, 0, 0, 0, 0,
0, 0, 0, 0, 0, 0, 0, 0, 0, 0, 0, 0, 0, 0, 0, 0, 0, 0, 0, 0, 0, 0, 0, 0, 0, 0, 0, 0, 0, 0, 0, 0, 0, 0, 0,
0, 0, 0, 0, 0, 0, 0, 0, 0, 0, 0, 0, 0, 0, 0, 0, 0, 0, 0, 0, 0, 0, 0, 0, 0, 0, 0, 0, 0, 0, 0, 0, 0, 0, 0,
0, 0, 0, 0, 0, 0, 0, 0, 0, 0, 0, 0, 0, 0, 0, 0, 0, 0, 0, 0, 0, 0, 0, 0, 0, 0, 0, 0, 0, 0, 0, 0, 0, 0, 0,
0, 0, 0, 0, 0, 0, 0, 0, 0, 0, 0, 0, 0, 0, 0, 0, 0, 0, 0, 0, 0, 0, 0, 0, 0, 0, 0, 0, 0, 0, 0, 0, 0, 0, 0,
0, 0, 0, 0, 0, 0, 0, 0, 0, 0, 0, 0, 0, 0, 0, 0, 0, 0, 0, 0, 0, 0, 0, 0, 0, 0, 0, 0, 0, 0, 0, 0, 0, 0, 0,
0, 0, 0, 0, 0, 0, 0, 0, 0, 0, 0, 0, 0, 0, 0, 0, 0, 0, 0, 0, 0, 0, 0, 0, 0, 0, 0, 0, 0, 0, 0, 0, 0, 0, 0,
0, 0, 0, 0, 0, 0, 0, 0, 0, 0, 0, 0, 0, 0, 0, 0, 0, 0, 0, 0, 0, 0, 0, 0, 0, 0, 0, 0, 0, 0, 0, 0, 0, 0, 0,
0, 0, 0, 0, 0, 0, 0, 0, 0, 0, 0, 0, 0, 0, 0, 0, 0, 0, 0, 0, 0, 0, 0, 0, 0, 0, 0, 0, 0, 0, 0, 0, 0, 0, 0,
0, 0, 0, 0, 0, 0, 0, 0, 0, 0, 0, 0, 0, 0, 0, 0, 0, 0, 0, 0, 0, 0, 0, 0, 0, 0, 0, 0, 0, 0, 0, 0, 0, 0, 0,
0, 0, 0, 0, 0, 0, 0, 0, 0, 0, 0, 0, 0, 0, 0, 0, 0, 0, 0, 0, 0, 0, 0, 0, 0, 0, 0, 0, 0, 0, 0, 0, 0, 0, 0,
0, 0, 0, 0, 0, 0, 0, 0, 0, 0, 0, 0, 0, 0, 0, 0, 0, 0, 0, 0, 0, 0, 0, 0, 0, 0, 0, 0, 0, 0, 0, 0, 0, 0, 0,
0, 0, 0, 
print model ok!

start rec...
start rec...
get noise again...
speeking...
frm_num=136
-64, 29, 22, 37, 31, 33, 29, 33, 34, 36, 31, 30, -71, -285, -17, 103, 69, 41, -7, -59, 40, 102, 43, 54, 60, -239, 22, 58, 57, -5, -34, -41, -24, -30, -31,
48, 102, -248, -20, 56, 58, 24, -14, -51, -60, -14, -61, -6, 78, -270, 17, -2, 36, 13, 8, -39, -20, 22, -107, -19, 148, -263, 4, -43, 82, -15, 9, -86, -3, 39,
-107, -9, 192, -281, -29, -30, 122, -31, 45, -37, -25, -2, -76, 0, 176, -216, -43, -25, 156, -28, 19, -25, -89, 24, -72, 1, 230, -208, -45, -45, 147, 0, 56, -46, -48,
5, -76, -23, 216, -220, -62, -50, 113, 14, 62, -71, -44, -6, -80, 0, 206, -260, -28, -44, 144, 76, 37, -72, -36, -2, -84, 13, 213, -253, -52, -7, 152, 59, 43, -74,
-61, 0, -84, 22, 213, -217, -44, -42, 190, 24, 53, -53, -68, 13, -81, 17, 211, -122, -59, -97, 183, 53, 25, -60, -10, 10, -112, 3, 236, -82, -93, -74, 134, 21, 53,
-55, -17, 14, -103, 19, 250, -88, -6, -122, 101, 40, 31, -68, 28, -16, -114, 0, 281, -64, -59, -110, 127, -16, 52, -35, 1, -21, -103, -1, 267, -28, -7, -154, 116, -42,
127, -45, -79, 11, -80, 6, 243, -25, 35, -139, 85, -23, 74, -64, -9, 27, -98, -15, 244, 41, 49, -105, 129, -83, 37, -5, -35, 22, -102, 31, 250, -21, 47, -80, 100,
9, 0, -61, -21, 16, -41, 23, 143, -21, -31, -17, 107, 1, -6, -31, -50, 11, -35, 18, 106, 35, 17, -25, 106, 20, -68, -56, -37, 30, -31, 18, 141, 23, -10, 35,
94, -11, -73, -44, -34, 9, -27, 27, 110, 22, 16, 56, 74, -16, 17, 23, -52, -54, -46, 7, 153, 28, 7, 0, 113, 29, -29, -25, -82, -64, -22, 57, 135, -31, -54,
56, 158, 11, -7, -43, -69, -33, -45, 14, 125, -7, 26, 5, 140, -4, -51, -47, -77, 37, -26, -9, 119, 15, -7, -47, 97, 0, -10, -52, -68, 32, -26, -14, 105, -29,
28, 6, 116, 34, -97, -68, -39, 31, -30, 8, 43, -24, -11, 33, 106, 23, -62, -61, -23, 15, -34, 17, -28, -26, 61, 18, 10, 20, 39, 17, -50, -28, -43, 14, 14,
25, 46, 27, 25, 18, -52, -17, -32, -13, -42, 2, 209, -72, -9, -99, -64, -11, 18, -21, -37, -26, -33, -21, 217, -124, 46, -110, -87, 5, 44, 14, 0, -74, -39, 1,
195, -152, 37, -193, -67, 3, 56, -5, 19, -43, -119, 21, 183, -149, 31, -240, -69, 42, 46, -3, 69, -80, -85, -11, 149, -220, 6, -260, -52, 78, 56, -37, 78, -92, -45,
-36, 172, -260, 5, -228, -9, 76, 41, 0, 47, -87, -32, -24, 128, -263, -27, -227, 3, 93, 60, -10, 45, -135, -66, -17, 87, -271, 5, -223, 28, 74, 67, -7, 52, -95,
-73, -16, 146, -253, 6, -241, 9, 27, 45, 36, 35, -96, -18, 3, 191, -250, -3, -236, -37, 49, 45, 19, 53, -93, -27, 4, 238, -245, 22, -246, -26, 88, 0, 21, 13,
-90, -50, -39, 156, -217, 27, -167, -23, 35, -10, 0, 0, -150, -45, -39, 237, -179, 21, -246, -36, 53, 7, 15, 54, -109, -43, -37, 248, -119, 14, -267, -44, 58, -37, 35,
67, -101, 0, -50, 272, -58, 71, -257, -71, 70, -16, 57, 71, -112, -36, -25, 219, -90, 94, -141, 3, 57, 2, 29, 44, -115, -45, 1, 277, -63, 38, -138, 46, 29, -9,
65, 24, -94, -47, -62, 286, -74, 46, -134, -8, 52, -9, 87, 18, -93, -31, -26, 238, -70, 56, -136, 59, 167, -10, 25, 25, -107, 2, -52, 288, -68, 54, -128, 22, 85,
-11, 82, 30, -130, -32, -33, 266, -48, 69, -90, -18, -4, -31, 44, -36, -37, 12, -42, 249, -40, 50, -103, -12, 22, -27, 21, 6, -59, 10, -27, 217, -3, 23, -130, 67,
66, -32, 34, 2, -100, -52, -28, 247, -37, 26, -84, 31, 17, 11, 65, -45, -99, -19, -37, 217, 46, 48, -55, -34, 59, 0, 12, 0, -67, -29, -1, 235, -34, 1, -77,
47, 81, 35, 49, 35, -104, -71, -66, 240, 26, 46, -73, -21, 77, 40, 61, 18, -105, -75, -3, 237, -15, 21, -90, -13, 38, 5, 69, -5, -85, -29, -7, 192, -24, 64,
-50, 21, 53, 6, 96, 14, -98, -27, -52, 204, -15, 48, -14, 53, 54, -36, 27, -6, -62, -57, -38, 280, -3, 13, 19, 51, 4, -27, 32, 13, -56, -58, 1, 287, 24,
33, 1, -24, -27, -8, 67, -19, -39, -12, 1, 261, 43, 70, -21, -36, 9, 24, 56, -18, -110, -14, 11, 357, -174, -83, -128, -56, -19, 100, 77, -89, -26, -20, 2, 266,
-262, -83, -71, 23, 45, 35, 7, -91, -1, -42, 30, 199, -241, -69, -80, 64, 80, 34, -38, -54, 2, -36, -18, 183, -286, -83, -33, 62, 102, 20, -3, -75, -4, -70, -26,
188, -307, -53, 2, 79, 33, 42, -4, -57, 39, -65, -43, 162, -336, 11, 2, 107, 22, 5, -9, -16, 60, -56, -36, 139, -318, -62, -16, 140, 33, 17, 0, -18, 38, -46,
-12, 95, -351, -95, -5, 97, 55, -1, 42, -44, 80, 24, -32, 109, -326, -43, 18, 52, 11, -5, -17, 31, 61, -3, -12, 178, -311, -8, -28, 67, 39, -28, -44, 9, 25,
-31, 4, 194, -232, 27, -111, 85, 52, -44, -10, 13, -18, -20, -20, 189, -183, 46, -120, 55, 78, -18, 0, 23, -53, -33, -41, 217, -188, 36, -124, 81, 64, -23, 50, 23,
-102, -27, -13, 231, -189, 52, -117, 80, 99, -78, 21, 76, -35, -22, -16, 158, -188, 38, -57, 83, 76, -30, 3, -9, 38, 59, -24, 145, -217, -24, -127, 111, 124, -42, -5,
14, 23, 42, 14, 112, -212, 23, -13, 136, 65, -74, -9, -4, -4, 13, -52, 115, -109, 6, -69, 102, 114, -31, -3, -9, -34, -12, -25, 140, -157, -8, -40, 105, 26, -44,
15, -42, -44, -34, -32, 127, -211, 19, -19, 148, 69, -72, -19, -27, -12, 9, -82, 119, -177, -47, -26, 103, 51, -30, 0, -28, 34, 5, -98, -29, -180, -56, 47, 19, 24,
-20, -45, -22, 39, 30, 48, -9, -139, -38, -29, 54, 82, -17, -6, -49, 1, 43, 37, 95, -125, -22, -22, 87, 57, -18, 58, -36, -11, 7, -27, 64, -113, -12, 21, 132,
58, -47, 16, -39, -15, 46, -31, 56, -113, 12, 28, 137, 65, -25, 14, -51, -61, -26, -50, 97, -105, -8, 28, 78, 53, -26, 23, -42, -53, -1, -48, -117, 77, -145, 30,
89, 2, 56, -43, -13, 7, -54, -8, -42, 47, -137, 25, 67, 9, 2, -6, -25, 2, 15, 46, 96, 150, -54, -10, 7, -37, -28, -7, 7, -48, -13, -11, 195, 141, -60,
-85, -62, -93, -21, 21, 25, -31, -29, -17, 130, 162, -57, -112, 29, -98, -14, 33, 78, -68, -57, -6, 109, 175, -31, -225, 14, -85, 31, -15, 51, -22, -33, -22, 166, 161,
3, -231, -4, -66, 24, 49, -3, -31, -36, -7, 155, 204, -5, -214, -32, -75, 5, 97, 18, -51, -49, 0, 172, 172, 50, -222, -12, -84, 0, 121, 29, -23, -51, -29, 172,
159, -12, -222, 29, -87, -10, 139, 45, -27, -62, -40, 200, 133, -13, -247, 41, -24, -42, 131, 42, -34, -44, -68, 221, 103, 20, -250, -9, 13, -26, 90, 74, -47, -55, -25,
217, 29, 53, -207, -67, 24, -35, 69, 95, -16, -83, -51, 229, 21, 52, -186, -53, -4, 34, 51, 35, 8, -41, -72, 202, 0, -24, -150, -55, -17, 26, 51, 48, 10, 2,
-11, 186, 7, 23, -124, -42, -74, -27, 39, -5, 20, 19, 6, 202, 116, 88, -115, 24, -43, -34, 106, -23, -28, 0, -3, 189, 87, 91, -54, 31, -21, 1, 85, -40, -39,
-2, -4, 139, 69, 89, -66, 13, -40, 0, 95, 8, -14, 3, -34, 99, -38, -31, -143, 7, -34, -42, 74, 41, 5, 6, -2, 116, 64, 40, -57, 27, -4, -14, 105, 18,
-55, -30, -33, 141, 2, 57, 50, 56, -25, -26, 79, 6, -22, -77, -72, 216, -31, 4, 4, 67, -26, -63, 54, 0, -29, -66, -19, 333, -95, -156, -68, 64, -104, -67, 77,
50, -69, -50, -20, 314, -124, -181, -84, 53, -104, -24, 107, 44, -64, -57, -37, 279, -126, -220, -95, 16, -76, 3, 118, 49, -2, -19, -12, 326, -74, -181, -141, 37, -1, 26,
82, 6, -47, -52, -5, 288, -92, -216, -103, 85, 17, 37, 76, -29, -87, -47, -3, 175, -173, -197, -86, 41, 21, 11, 99, 52, -17, 15, 54, 184, -120, -208, -132, 43, 18,
8, 59, 8, -30, -35, -2, 233, -217, -284, -83, 90, 56, 29, 99, 31, -5, -20, -11, 274, -168, -272, -137, 153, 67, 1, 55, 21, -26, -89, -67, 346, -127, -262, -95, 147,
84, -5, 41, 21, -34, -108, -45, 384, -134, -273, -51, 144, 63, -12, 49, -5, -27, -87, -46, 406, -169, -248, -13, 137, 44, -15, 40, -8, -54, -58, -29, 421, -161, -244, -22,
205, 45, -31, 35, 0, -39, -96, -37, 426, -163, -255, 50, 176, 25, -44, 57, 40, -22, -103, -59, 383, -139, -223, 30, 178, -19, -25, 86, 28, -42, -100, -19, 362, -148, -218,
78, 155, 0, -29, 90, 18, -60, -46, -34, 374, -172, -253, 21, 173, -19, 0, 69, -11, -40, 1, 17, 358, -179, -202, 55, 143, -23, -14, 58, -15, -43, 8, 15, 318, -169,
-178, 81, 92, -24, -10, 91, 7, -47, 0, 51, 333, -193, -137, 73, 116, -18, 33, 82, -56, -61, 23, 50, 0, 0, 0, 0, 0, 0, 0, 0, 0, 0, 0, 0, 0,
0, 0, 0, 0, 0, 0, 0, 0, 0, 0, 0, 0, 0, 0, 0, 0, 0, 0, 0, 0, 0, 0, 0, 0, 0, 0, 0, 0, 0, 0, 0, 0, 0, 0, 0,
0, 0, 0, 0, 0, 0, 0, 0, 0, 0, 0, 0, 0, 0, 0, 0, 0, 0, 0, 0, 0, 0, 0, 0, 0, 0, 0, 0, 0, 0, 0, 0, 0, 0, 0,
0, 0, 0, 0, 0, 0, 0, 0, 0, 0, 0, 0, 0, 0, 0, 0, 0, 0, 0, 0, 0, 0, 0, 0, 0, 0, 0, 0, 0, 0, 0, 0, 0, 0, 0,
0, 0, 0, 0, 0, 0, 0, 0, 0, 0, 0, 0, 0, 0, 0, 0, 0, 0, 0, 0, 0, 0, 0, 0, 0, 0, 0, 0, 0, 0, 0, 0, 0, 0, 0,
0, 0, 0, 0, 0, 0, 0, 0, 0, 0, 0, 0, 0, 0, 0, 0, 0, 0, 0, 0, 0, 0, 0, 0, 0, 0, 0, 0, 0, 0, 0, 0, 0, 0, 0,
0, 0, 0, 0, 0, 0, 0, 0, 0, 0, 0, 0, 0, 0, 0, 0, 0, 0, 0, 0, 0, 0, 0, 0, 0, 0, 0, 0, 0, 0, 0, 0, 0, 0, 0,
0, 0, 0, 0, 0, 0, 0, 0, 0, 0, 0, 0, 0, 0, 0, 0, 0, 0, 0, 0, 0, 0, 0, 0, 0, 0, 0, 0, 0, 0, 0, 0, 0, 0, 0,
0, 0, 0, 0, 0, 0, 0, 0, 0, 0, 0, 0, 0, 0, 0, 0, 0, 0, 0, 0, 0, 0, 0, 0, 0, 0, 0, 0, 0, 0, 0, 0, 0, 0, 0,
0, 0, 0, 0, 0, 0, 0, 0, 0, 0, 0, 0, 0, 0, 0, 0, 0, 0, 0, 0, 0, 0, 0, 0, 0, 0, 0, 0, 0, 0, 0, 0, 0, 0, 0,
0, 0, 0, 0, 0, 0, 0, 0, 0, 0, 0, 0, 0, 0, 0, 0, 0, 0, 0, 0, 0, 0, 0, 0, 0, 0, 0, 0, 0, 0, 0, 0, 0, 0, 0,
0, 0, 0, 0, 0, 0, 0, 0, 0, 0, 0, 0, 0, 0, 0, 0, 0, 0, 0, 0, 0, 0, 0, 0, 0, 0, 0, 0, 0, 0, 0, 0, 0, 0, 0,
0, 0, 0, 0, 0, 0, 0, 0, 0, 0, 0, 0, 0, 0, 0, 0, 0, 0, 0, 0, 0, 0, 0, 0, 0, 0, 0, 0, 0, 0, 0, 0, 0, 0, 0,
0, 0, 0, 0, 0, 0, 0, 0, 0, 0, 0, 0, 0, 0, 0, 0, 0, 0, 0, 0, 0, 0, 0, 0, 0, 0, 0, 0, 0, 0, 0, 0, 0, 0, 0,
0, 0, 0, 0, 0, 0, 0, 0, 0, 0, 0, 0, 0, 0, 0, 0, 0, 0, 0, 0, 0, 0, 0, 0, 0, 0, 0, 0, 0, 0, 0, 0, 0, 0, 0,
0, 0, 0, 0, 0, 0, 0, 0, 0, 0, 0, 0, 0, 0, 0, 0, 0, 0, 0, 0, 0, 0, 0, 0, 0, 0, 0, 0, 0, 0, 0, 0, 0, 0, 0,
0, 0, 0, 0, 0, 0, 0, 0, 0, 0, 0, 0, 0, 0, 0, 0, 0, 0, 0, 0, 0, 0, 0, 0, 0, 0, 0, 0, 0, 0, 0, 0, 0, 0, 0,
0, 0, 0, 0, 0, 0, 0, 0, 0, 0, 0, 0, 0, 0, 0, 0, 0, 0, 0, 0, 0, 0, 0, 0, 0, 0, 0, 0, 0, 0, 0, 0, 0, 0, 0,
0, 0, 0, 0, 0, 0, 0, 0, 0, 0, 0, 0, 0, 0, 0, 0, 0, 0, 0, 0, 0, 0, 0, 0, 0, 0, 0, 0, 0, 0, 0, 0, 0, 0, 0,
0, 0, 0, 0, 0, 0, 0, 0, 0, 0, 0, 0, 0, 0, 0, 0, 0, 0, 0, 0, 0, 0, 0, 0, 0, 0, 0, 0, 0, 0, 0, 0, 0, 0, 0,
0, 0, 0, 0, 0, 0, 0, 0, 0, 0, 0, 0, 0, 0, 0, 0, 0, 0, 0, 0, 0, 0, 0, 0, 0, 0, 0, 0, 0, 0, 0, 0, 0, 0, 0,
0, 0, 0, 0, 0, 0, 0, 0, 0, 0, 0, 0, 0, 0, 0, 0, 0, 0, 0, 0, 0, 0, 0, 0, 0, 0, 0, 0, 0, 0, 0, 0, 0, 0, 0,
0, 0, 0, 0, 0, 0, 0, 0, 0, 0, 0, 0, 0, 0, 0, 0, 0, 0, 0, 0, 0, 0, 0, 0, 0, 0, 0, 0, 0, 0, 0, 0, 0, 0, 0,
0, 0, 0, 0, 0, 0, 0, 0, 0, 0, 0, 0, 0, 0, 0, 0, 0, 0, 0, 0, 0, 0, 0, 0, 0, 0, 0, 0, 0, 0, 0, 0, 0, 0, 0,
0, 0, 0, 0, 0, 0, 0, 0, 0, 0, 0, 0, 0, 0, 0, 0, 0, 0, 0, 0, 0, 0, 0, 0, 0, 0, 0, 0, 0, 0, 0, 0, 0, 0, 0,
0, 0, 0, 0, 0, 0, 0, 0, 0, 0, 0, 0, 0, 0, 0, 0, 0, 0, 0, 0, 0, 0, 0, 0, 0, 0, 0, 0, 0, 0, 0, 0, 0, 0, 0,
0, 0, 0, 0, 0, 0, 0, 0, 0, 0, 0, 0, 0, 0, 0, 0, 0, 0, 0, 0, 0, 0, 0, 0, 0, 0, 0, 0, 0, 0, 0, 0, 0, 0, 0,
0, 0, 0, 0, 0, 0, 0, 0, 0, 0, 0, 0, 0, 0, 0, 0, 0, 0, 0, 0, 0, 0, 0, 0, 0, 0, 0, 0, 0, 0, 0, 0, 0, 0, 0,
0, 0, 0, 0, 0, 0, 0, 0, 0, 0, 0, 0, 0, 0, 0, 0, 0, 0, 0, 0, 0, 0, 0, 0, 0, 0, 0, 0, 0, 0, 0, 0, 0, 0, 0,
0, 0, 0, 
print model ok!

start rec...
get noise again...
speeking...
frm_num=131
-67, 36, 26, 38, 33, 37, 34, 37, 36, 38, 35, 35, 105, -274, -57, 71, 27, -64, -21, -15, -30, 56, -49, 45, 198, -322, -83, 55, 97, -34, -20, -23, -40, 37, 8,
10, 185, -335, -50, -51, 70, -46, -4, -28, -51, 69, -15, 17, 171, -335, -9, -57, 58, -48, -9, -72, -33, 90, -27, 23, 154, -356, -36, 16, 90, -90, 7, -76, -39, 54,
-79, -2, 116, -352, -38, 19, 141, -58, 0, -89, -81, 15, -103, 13, 125, -330, -41, 40, 173, -32, -25, -86, -120, -17, -46, 11, 121, -361, -64, 7, 150, -13, 87, -61, -37,
19, -35, 6, 163, -305, -86, -18, 160, -2, 51, -81, -36, 30, -63, 27, 144, -256, -21, -16, 206, 3, 16, -123, -42, -32, -23, 37, 195, -153, -52, -96, 184, -10, 41, -152,
22, -18, -79, 34, 246, -146, -106, -91, 165, -10, 117, -93, 9, -46, -58, -10, 232, -156, -36, -115, 132, -13, 107, -118, 32, 20, -59, -33, 311, -112, -68, -122, 138, 11, 48,
-51, 6, -5, -76, 1, 315, -90, -28, -68, 72, -51, 58, -22, -2, 16, -57, -30, 284, -103, -31, -110, 90, -30, 58, -18, 15, 54, -98, -23, 285, -46, 14, -102, 101, -23,
4, -38, 30, 46, -113, 11, 320, -36, -33, -97, 96, -1, -14, -11, 39, 11, -55, -1, 239, -60, -30, -3, 72, -17, -11, -7, 28, 24, -22, -41, 118, -143, 6, 55, 81,
-10, -6, -50, 0, -6, -35, -7, 159, -27, 32, -14, 104, -25, -33, -26, -6, 6, -46, -45, 193, -15, -3, 66, 121, -91, -68, 15, 2, 11, -44, -15, 199, -30, 0, 4,
129, -24, -35, 25, 3, -10, -82, -30, 196, -50, -62, 57, 95, 43, 4, -4, -7, -21, -115, -62, 197, -8, -47, 7, 12, 27, -9, -10, 36, 24, -63, -66, 180, -67, -60,
23, 61, 29, -26, 23, -37, -31, 13, 0, 150, -18, -39, 41, 113, -3, -28, -16, -18, 21, -5, -16, 78, -99, -25, 84, 138, 43, -35, -30, -39, -7, 19, -26, 53, -32,
-2, 14, 66, 39, 11, -22, -37, 59, 10, -48, -4, -38, 4, 58, 41, 41, 12, -20, 47, 0, -2, -31, 89, -11, 5, 15, 74, 66, -7, 8, -12, -12, -11, -36, 203,
-58, -54, -51, -89, 6, 22, -28, 21, -38, -45, -14, 248, -164, -11, -109, -81, 46, -8, -31, 75, -76, -60, 7, 167, -187, 32, -158, -126, 36, -2, 30, 61, -91, -77, -3,
166, -181, 44, -193, -48, 23, 4, 8, 57, -101, -82, -1, 210, -197, -15, -222, 2, 12, -30, 9, 18, -136, -48, -27, 219, -204, -31, -213, 52, 51, -7, 16, 5, -111, -42,
-6, 204, -230, -43, -238, 76, 26, 23, 42, -5, -83, -11, -2, 116, -231, -77, -258, 27, 30, -1, -23, 58, -140, -13, -18, 127, -198, -26, -214, 82, 68, -13, 8, 77, -138,
-4, -2, 102, -191, 0, -189, 85, 102, 15, -7, 64, -120, 20, -47, 21, -202, 40, -241, 25, 32, 9, 7, 84, -85, 109, -17, 130, -178, 51, -236, -86, 11, 1, 0, 119,
-102, 69, 21, 218, -171, 41, -232, -47, 0, -54, 25, 71, -129, -26, 20, 243, -53, 61, -200, -6, 69, -48, 5, 9, -139, -6, -18, 263, -23, 55, -161, 17, 47, -53, -22,
-21, -89, 25, -10, 265, -36, 81, -136, 18, 28, -46, 10, -3, -93, 40, 16, 237, 10, 73, -189, 30, 85, -11, 66, -7, -130, -2, -37, 232, -36, 118, -103, 23, 45, -36,
68, -38, -143, -32, -13, 200, -29, 113, -102, 99, 86, -80, 59, 12, -122, -44, -70, 214, -22, 127, -54, 13, 70, -45, 19, -1, -78, -24, -24, 243, -24, 110, -85, 17, 40,
-28, 53, 23, -92, -50, -35, 252, 15, 131, -72, 19, 58, -47, 43, 16, -93, -45, -38, 247, 23, 115, -28, 6, 25, -60, 34, 43, -46, -35, -49, 256, -22, 155, -19, -1,
-40, -73, 92, 37, -75, -25, -36, 282, -14, 45, -12, 20, -16, 16, 61, -3, -80, -25, -8, 200, -23, 64, -12, -2, -60, -44, 100, 19, -52, 54, -27, 169, -271, -77, -64,
-68, -1, 83, 68, 16, 25, 39, 22, 148, -328, -122, -70, -23, 39, 67, -15, -33, 77, -21, 28, 123, -342, -71, -51, 50, 14, 46, -21, -10, 46, -57, 33, 117, -312, -30,
-94, 98, 66, 13, -32, -53, 53, 20, 8, 125, -359, -81, -56, 92, 99, -6, 29, -26, 46, 4, -5, 53, -430, -72, -36, 120, 66, 25, -13, -24, 84, 9, 11, 58, -358,
-94, 5, 95, 24, 20, 37, -27, 87, 28, -7, 104, -308, -64, 7, 64, 19, 15, 43, -7, 52, -2, -5, 134, -319, -6, -76, 90, 68, -20, 8, -21, 20, -11, -2, 148,
-235, -12, -118, 109, 105, -24, -19, -35, -15, 20, -33, 169, -216, -14, -129, 79, 135, -45, -20, 2, -46, 7, -4, 182, -176, 32, -159, 71, 117, -69, -38, 45, -58, 24, -1,
215, -174, 51, -116, 41, 81, -51, -5, 22, -58, 31, -54, 120, -180, 38, -57, 58, 37, -59, -30, 21, 4, 25, -73, 68, -252, 7, -11, 176, 70, -133, -38, -35, -23, 65,
0, 118, -264, -87, -68, 148, 131, -43, -1, -20, -47, 10, -23, 146, -234, -33, -77, 88, 80, -47, 15, -16, -13, 41, 18, 82, -176, 5, -60, 61, 81, -32, -10, -24, -16,
32, -5, 105, -235, -13, -54, 151, 99, -80, 14, -18, -63, 28, -11, 132, -205, 0, -32, 55, 30, -36, 11, -19, -5, 30, 2, -11, -156, -21, 29, 40, 60, -61, 18, 2,
49, 27, -12, -16, -197, -92, -50, 100, 80, -79, 11, 36, 23, 33, -30, 19, -199, -2, -23, 151, 115, -72, -6, -12, 3, 23, -1, 77, -156, 16, -53, 107, 110, -64, 10,
-20, -38, 22, -37, 84, -135, 54, 5, 147, 82, -107, -13, 28, 21, 61, -35, 89, -86, 46, -16, 102, 67, -106, 53, 32, 10, -20, -42, -17, -80, -53, 61, 177, 91, 7,
5, -69, 2, 14, 0, -113, 45, -82, 15, 113, 18, 46, 50, -51, 9, 1, -4, 28, 21, -70, -2, 76, -13, 2, -34, -44, 16, 45, -18, 117, 129, -63, -92, 25, -87,
-43, 37, 21, 34, 7, -39, 164, 112, -102, -120, 55, -97, -38, 24, 15, -12, -9, -32, 179, 133, -59, -198, 30, -107, -5, 52, 31, -27, -11, -28, 159, 174, -61, -209, 52,
-125, -4, 100, 17, -14, -84, -41, 113, 171, -66, -225, 67, -59, -22, 91, 35, -20, -78, -60, 94, 207, -23, -293, 0, -43, -30, 74, 52, -6, -28, -49, 148, 151, -20, -256,
23, -50, -39, 114, 48, -26, -33, -14, 216, 162, 7, -237, -8, -60, -32, 120, 93, -41, -97, -62, 274, 155, -41, -225, -22, -46, 11, 135, 42, -39, -76, -41, 247, 165, -53,
-217, -66, 7, 69, 80, 11, -5, -47, -52, 226, 55, -22, -178, -24, 0, 11, 58, 12, 1, -33, -26, 186, 57, 21, -116, -13, -22, -8, 84, -30, -9, -16, -58, 219, 42,
-29, -155, 0, 5, 50, 97, -23, -64, -27, -48, 173, 47, -35, -146, 36, -8, 12, 109, -16, -82, -33, -17, 214, 49, -46, -140, 53, -17, -10, 125, 0, -70, -13, -61, 215,
68, 6, -68, 61, -22, -13, 115, 10, -86, -44, -34, 250, 87, -11, -93, 47, -15, 3, 130, 26, -66, -48, -72, 261, 72, 0, -70, 24, -49, 24, 135, 18, -60, -29, -59,
233, 55, -10, -52, 40, -38, 39, 110, 13, -33, -61, -78, 176, 49, 61, -73, -8, -55, -26, 143, 17, -37, -36, -61, 203, 25, 0, -11, 43, -125, -46, 127, 27, -26, -51,
-35, 196, 33, -20, -51, 36, -39, -18, 109, -4, -48, -8, -42, 199, -49, -87, -64, 60, -72, -9, 162, 78, -32, -65, 5, 242, 24, -43, -97, 3, -65, 16, 96, 36, -12,
-33, -32, 214, -65, -63, 57, 79, -26, -65, 80, 106, -56, -85, -25, 184, -54, -70, -35, 98, 13, -29, 148, 56, -40, -88, -38, 229, -14, -66, -35, 61, -15, 8, 146, 26,
-50, -46, -15, 161, -72, -57, -64, 62, -31, -11, 153, -6, 9, 25, 8, 86, -141, -149, -82, 78, 20, 33, 163, 96, 24, -7, 22, 134, -88, -179, -71, 62, 3, -64, 99,
110, 39, -13, 28, 256, -117, -171, -33, 91, -32, -58, 28, 35, -32, -7, -16, 179, -160, -188, -30, 89, -17, 12, 55, -19, -72, 2, 43, 280, -114, -216, -21, 94, 47, 19,
29, -73, -40, -24, 28, 343, -167, -230, 39, 163, 48, -16, 0, -34, -75, -47, 15, 329, -233, -224, 65, 149, -33, -82, 64, 57, -53, -94, 8, 318, -220, -258, 59, 173, 20,
-71, 42, 32, -30, -93, -34, 347, -206, -254, 85, 197, -24, -47, 25, 7, -53, -40, 9, 344, -271, -256, 60, 206, 38, -14, 74, -4, -61, -35, -11, 268, -229, -252, 93, 173,
16, -34, 90, -23, -72, -23, 15, 263, -237, -225, 136, 187, -23, -40, 83, -67, -76, 1, 61, 159, -241, -173, 72, 111, 1, 61, 163, -52, -53, 7, 88, 138, -298, -163, 121,
129, -8, 97, 89, -81, -85, 40, 69, 148, -283, -92, 184, 151, -81, 34, 44, -88, -43, 48, 49, 158, -196, -102, 84, 130, -77, 31, 43, -54, -43, 35, 0, 0, 0, 0,
0, 0, 0, 0, 0, 0, 0, 0, 0, 0, 0, 0, 0, 0, 0, 0, 0, 0, 0, 0, 0, 0, 0, 0, 0, 0, 0, 0, 0, 0, 0, 0, 0, 0, 0,
0, 0, 0, 0, 0, 0, 0, 0, 0, 0, 0, 0, 0, 0, 0, 0, 0, 0, 0, 0, 0, 0, 0, 0, 0, 0, 0, 0, 0, 0, 0, 0, 0, 0, 0,
0, 0, 0, 0, 0, 0, 0, 0, 0, 0, 0, 0, 0, 0, 0, 0, 0, 0, 0, 0, 0, 0, 0, 0, 0, 0, 0, 0, 0, 0, 0, 0, 0, 0, 0,
0, 0, 0, 0, 0, 0, 0, 0, 0, 0, 0, 0, 0, 0, 0, 0, 0, 0, 0, 0, 0, 0, 0, 0, 0, 0, 0, 0, 0, 0, 0, 0, 0, 0, 0,
0, 0, 0, 0, 0, 0, 0, 0, 0, 0, 0, 0, 0, 0, 0, 0, 0, 0, 0, 0, 0, 0, 0, 0, 0, 0, 0, 0, 0, 0, 0, 0, 0, 0, 0,
0, 0, 0, 0, 0, 0, 0, 0, 0, 0, 0, 0, 0, 0, 0, 0, 0, 0, 0, 0, 0, 0, 0, 0, 0, 0, 0, 0, 0, 0, 0, 0, 0, 0, 0,
0, 0, 0, 0, 0, 0, 0, 0, 0, 0, 0, 0, 0, 0, 0, 0, 0, 0, 0, 0, 0, 0, 0, 0, 0, 0, 0, 0, 0, 0, 0, 0, 0, 0, 0,
0, 0, 0, 0, 0, 0, 0, 0, 0, 0, 0, 0, 0, 0, 0, 0, 0, 0, 0, 0, 0, 0, 0, 0, 0, 0, 0, 0, 0, 0, 0, 0, 0, 0, 0,
0, 0, 0, 0, 0, 0, 0, 0, 0, 0, 0, 0, 0, 0, 0, 0, 0, 0, 0, 0, 0, 0, 0, 0, 0, 0, 0, 0, 0, 0, 0, 0, 0, 0, 0,
0, 0, 0, 0, 0, 0, 0, 0, 0, 0, 0, 0, 0, 0, 0, 0, 0, 0, 0, 0, 0, 0, 0, 0, 0, 0, 0, 0, 0, 0, 0, 0, 0, 0, 0,
0, 0, 0, 0, 0, 0, 0, 0, 0, 0, 0, 0, 0, 0, 0, 0, 0, 0, 0, 0, 0, 0, 0, 0, 0, 0, 0, 0, 0, 0, 0, 0, 0, 0, 0,
0, 0, 0, 0, 0, 0, 0, 0, 0, 0, 0, 0, 0, 0, 0, 0, 0, 0, 0, 0, 0, 0, 0, 0, 0, 0, 0, 0, 0, 0, 0, 0, 0, 0, 0,
0, 0, 0, 0, 0, 0, 0, 0, 0, 0, 0, 0, 0, 0, 0, 0, 0, 0, 0, 0, 0, 0, 0, 0, 0, 0, 0, 0, 0, 0, 0, 0, 0, 0, 0,
0, 0, 0, 0, 0, 0, 0, 0, 0, 0, 0, 0, 0, 0, 0, 0, 0, 0, 0, 0, 0, 0, 0, 0, 0, 0, 0, 0, 0, 0, 0, 0, 0, 0, 0,
0, 0, 0, 0, 0, 0, 0, 0, 0, 0, 0, 0, 0, 0, 0, 0, 0, 0, 0, 0, 0, 0, 0, 0, 0, 0, 0, 0, 0, 0, 0, 0, 0, 0, 0,
0, 0, 0, 0, 0, 0, 0, 0, 0, 0, 0, 0, 0, 0, 0, 0, 0, 0, 0, 0, 0, 0, 0, 0, 0, 0, 0, 0, 0, 0, 0, 0, 0, 0, 0,
0, 0, 0, 0, 0, 0, 0, 0, 0, 0, 0, 0, 0, 0, 0, 0, 0, 0, 0, 0, 0, 0, 0, 0, 0, 0, 0, 0, 0, 0, 0, 0, 0, 0, 0,
0, 0, 0, 0, 0, 0, 0, 0, 0, 0, 0, 0, 0, 0, 0, 0, 0, 0, 0, 0, 0, 0, 0, 0, 0, 0, 0, 0, 0, 0, 0, 0, 0, 0, 0,
0, 0, 0, 0, 0, 0, 0, 0, 0, 0, 0, 0, 0, 0, 0, 0, 0, 0, 0, 0, 0, 0, 0, 0, 0, 0, 0, 0, 0, 0, 0, 0, 0, 0, 0,
0, 0, 0, 0, 0, 0, 0, 0, 0, 0, 0, 0, 0, 0, 0, 0, 0, 0, 0, 0, 0, 0, 0, 0, 0, 0, 0, 0, 0, 0, 0, 0, 0, 0, 0,
0, 0, 0, 0, 0, 0, 0, 0, 0, 0, 0, 0, 0, 0, 0, 0, 0, 0, 0, 0, 0, 0, 0, 0, 0, 0, 0, 0, 0, 0, 0, 0, 0, 0, 0,
0, 0, 0, 0, 0, 0, 0, 0, 0, 0, 0, 0, 0, 0, 0, 0, 0, 0, 0, 0, 0, 0, 0, 0, 0, 0, 0, 0, 0, 0, 0, 0, 0, 0, 0,
0, 0, 0, 0, 0, 0, 0, 0, 0, 0, 0, 0, 0, 0, 0, 0, 0, 0, 0, 0, 0, 0, 0, 0, 0, 0, 0, 0, 0, 0, 0, 0, 0, 0, 0,
0, 0, 0, 0, 0, 0, 0, 0, 0, 0, 0, 0, 0, 0, 0, 0, 0, 0, 0, 0, 0, 0, 0, 0, 0, 0, 0, 0, 0, 0, 0, 0, 0, 0, 0,
0, 0, 0, 0, 0, 0, 0, 0, 0, 0, 0, 0, 0, 0, 0, 0, 0, 0, 0, 0, 0, 0, 0, 0, 0, 0, 0, 0, 0, 0, 0, 0, 0, 0, 0,
0, 0, 0, 0, 0, 0, 0, 0, 0, 0, 0, 0, 0, 0, 0, 0, 0, 0, 0, 0, 0, 0, 0, 0, 0, 0, 0, 0, 0, 0, 0, 0, 0, 0, 0,
0, 0, 0, 0, 0, 0, 0, 0, 0, 0, 0, 0, 0, 0, 0, 0, 0, 0, 0, 0, 0, 0, 0, 0, 0, 0, 0, 0, 0, 0, 0, 0, 0, 0, 0,
0, 0, 0, 0, 0, 0, 0, 0, 0, 0, 0, 0, 0, 0, 0, 0, 0, 0, 0, 0, 0, 0, 0, 0, 0, 0, 0, 0, 0, 0, 0, 0, 0, 0, 0,
0, 0, 0, 0, 0, 0, 0, 0, 0, 0, 0, 0, 0, 0, 0, 0, 0, 0, 0, 0, 0, 0, 0, 0, 0, 0, 0, 0, 0, 0, 0, 0, 0, 0, 0,
0, 0, 0, 0, 0, 0, 0, 0, 0, 0, 0, 0, 0, 0, 0, 0, 0, 0, 0, 0, 0, 0, 0, 0, 0, 0, 0, 0, 0, 0, 0, 0, 0, 0, 0,
0, 0, 0, 
print model ok!

start rec...
get noise again...
speeking...
frm_num=132
-72, 33, 23, 36, 31, 34, 30, 34, 36, 37, 31, 31, -75, -392, 55, 152, 151, 0, -74, -20, 84, 115, -36, -14, 80, -255, 32, -19, 38, -13, -41, -25, -57, 7, -75,
11, 145, -344, -44, 7, 149, -8, -56, -21, -96, 51, -79, -15, 168, -372, -64, 80, 109, 0, 26, -66, -108, 37, -98, 8, 138, -316, -78, 37, 90, 24, -8, -45, -56, 20,
-110, 50, 88, -280, -64, 32, 86, 22, 11, -59, -83, 31, -116, 64, 143, -223, -108, 0, 198, -10, -6, -68, -96, 3, -105, 34, 192, -234, -100, 0, 154, -44, 43, -59, -116,
6, -87, -13, 206, -289, -70, -32, 143, 0, 54, -73, -82, 12, -93, 16, 262, -267, -81, -14, 123, -20, 62, -33, -87, -45, -59, -10, 276, -148, -121, -116, 131, 10, 64, -45,
-77, -19, -107, 20, 243, -158, -111, -109, 168, -51, 80, -54, -37, -56, -77, 16, 253, -149, -60, -133, 132, -45, 91, -82, -24, 3, -127, -4, 254, -84, -88, -152, 129, -57, 89,
-35, -31, -1, -76, 10, 244, -65, -11, -141, 102, -55, 73, -29, 13, -17, -121, 41, 263, -61, -22, -173, 110, -6, 45, -38, 7, 25, -108, 14, 294, -48, 45, -128, 69, -25,
7, 25, -18, -15, -53, 12, 295, -57, -31, -60, 56, -54, 36, 10, -13, 34, -60, -34, 214, -110, -72, -82, 125, -27, -17, 3, -9, -8, -70, 0, 208, -39, -50, -73, 62,
10, 14, 1, -25, -3, -74, -30, 229, -6, -4, 22, 49, 18, -42, -26, -15, -28, -37, 0, 173, -11, -42, 34, 101, -8, -11, 3, -15, 6, -95, -43, 110, -100, -4, 72,
159, 0, -14, 23, -67, -71, -98, -38, 218, -57, -58, -14, 94, 6, -40, 25, 0, 0, -46, -31, 177, -49, -68, -16, 72, 11, -92, 5, 62, 33, -92, -48, 138, -45, 6,
37, 82, 12, -60, -38, -13, 57, -26, -5, 101, -65, -68, 9, 101, 53, -5, 18, -7, -36, -25, -49, 63, -76, -45, 62, 96, 9, -4, -14, -46, -13, -16, -15, -12, -50,
-7, 36, 21, 22, -19, 7, -46, -33, -4, -55, 79, -37, -31, 21, 54, -14, -52, -12, 33, -4, -67, -25, 224, -85, -53, -76, -56, -38, -16, -4, 37, -20, -73, -7, 184,
-114, -51, -73, -45, 86, 19, -9, 77, -3, -47, -28, 160, -132, 117, -60, -68, 5, -8, -25, 12, -29, -59, 19, 229, -141, 0, -167, -78, 69, 12, -12, 25, -35, -68, -25,
220, -66, 2, -240, -62, 34, 63, -35, 12, -78, -40, -8, 202, -130, 15, -225, 7, 0, 11, 21, 5, -67, -26, -13, 177, -89, -8, -245, -5, 21, 5, -19, -17, -97, 29,
-16, 167, -118, 22, -237, -21, 65, -2, -11, -27, -89, 11, -9, 150, -141, 75, -201, 16, 27, -32, -32, -25, -110, 15, -10, 209, -125, 32, -189, -33, 48, -26, 25, 7, -114,
15, -36, 209, -106, 12, -244, -52, 60, -36, 5, 20, -104, -29, -68, 247, -24, 37, -189, -88, 8, -13, 81, 106, -126, -49, -76, 274, -81, 95, -244, -121, 30, -19, 72, 64,
-156, -46, -31, 272, -74, 86, -197, -64, 29, -36, 70, 79, -152, -29, -37, 302, -53, 37, -162, -6, 25, -45, 67, 46, -76, -67, -54, 318, 15, 42, -158, -6, 65, -30, 43,
41, -88, -94, -23, 291, -7, 44, -113, 30, 47, -27, 80, -21, -91, -65, -90, 268, -20, 29, -90, 41, 115, 10, 74, -17, -147, -72, -91, 269, 39, 36, -59, 22, 46, -2,
52, -4, -121, -82, -46, 267, 16, 122, -93, -21, 45, -1, 38, 37, -71, -84, -49, 339, 79, -1, -157, -12, 8, 53, 123, -35, -64, -71, -82, 322, 45, -4, -93, 5, 55,
17, 102, 7, -86, -97, -60, 289, 15, 28, -91, 40, 78, -23, 75, 16, -87, -76, -71, 231, 19, 43, -18, 19, 28, -5, 57, -13, -85, -27, -19, 193, -15, -17, -79, 0,
41, -40, -14, -11, -8, -42, 1, 234, -2, 28, -58, -22, -30, 13, 104, 50, -32, -56, -30, 263, 36, 37, -100, 8, -24, 16, 116, 22, -97, -67, -67, 322, 33, 9, -6,
-2, 26, 8, 90, 10, -95, -60, -71, 324, 106, 63, -90, 6, 8, -10, 95, 47, -124, -78, -31, 252, 87, 77, 18, 41, 0, -54, 45, -32, -92, 0, 2, 272, 63, 58,
-7, 20, -17, -43, 44, 44, -48, -3, -31, 325, -98, -57, -53, -28, 10, 60, 27, -28, 9, -22, -6, 276, -259, -122, -53, -9, 34, 89, -13, -69, 13, -56, -4, 146, -297,
-101, -97, 74, 59, 23, -70, -88, 21, -63, -10, 156, -332, -38, -36, 118, 69, 32, -21, -61, 15, -45, -10, 108, -327, -45, -73, 115, 89, 37, 3, -86, 63, -49, -29, 22,
-365, -94, -40, 89, 2, 16, 24, -52, 118, 27, 32, -22, -354, -121, 0, 98, 22, -39, 59, -5, 87, 16, -1, 34, -363, -72, -14, 106, 35, -29, 57, 11, 61, 8, -35,
16, -302, -45, 33, 126, 48, -31, 29, -20, 84, -29, -95, 64, -276, -24, 7, 111, 101, -21, -17, -36, 23, -16, -36, 103, -280, 3, -84, 113, 94, 3, 3, -68, 5, 8,
-5, 136, -282, 11, -82, 63, 151, 0, -17, -19, -51, 5, 2, 80, -244, 33, -116, 88, 126, -25, 62, 56, -95, 30, -27, 69, -284, 41, -33, 142, 54, -37, 65, 39, -28,
15, -60, 62, -338, 17, -52, 127, 149, -64, 69, 32, -72, -25, -10, 109, -260, -8, -55, 181, 129, -89, 28, 0, -5, -2, -41, 56, -286, -10, -33, 153, 112, -69, 15, 32,
-9, -54, -33, 62, -308, 6, 24, 173, 124, -58, 0, 4, -46, -28, -16, 100, -176, 36, -29, 95, 97, -21, -17, -96, 7, 41, 0, 62, -223, 64, -35, 98, 137, -32, -27,
-17, 27, 40, -30, 44, -219, 66, -12, 160, 115, -71, 5, 19, -4, -3, -15, 26, -160, 18, 17, 163, 115, -40, 2, -1, 10, 9, -17, -116, -230, -69, 59, 140, 123, -15,
70, 35, 5, 68, -10, -80, -224, -54, 9, 140, 113, 30, 87, 95, 66, 51, 8, -83, -221, -55, 9, 125, 149, -31, 50, 64, -6, -29, 1, -13, -154, -24, -16, 60, 63,
-30, 107, 83, 4, 16, -16, 19, -203, -44, -38, 122, 106, -33, 76, 37, -26, -1, -1, -72, -164, -29, 27, 124, 106, -41, 5, 14, 5, 19, -15, -283, 67, -160, 19, 99,
50, -1, 17, 78, 22, 20, 87, -113, 53, -86, 89, 99, 28, -67, -20, 43, -28, -30, 1, 114, 105, -86, -40, 3, -66, -40, -67, 20, -5, 13, -7, 160, 171, -82, -96,
14, -102, -62, 44, 13, 19, -25, -27, 182, 195, -86, -168, -12, -76, -61, 51, 46, -13, -43, -33, 179, 171, -54, -163, 32, -35, -82, 83, 47, 4, -77, -48, 156, 198, -23,
-197, 10, -13, -104, 64, 34, 38, -48, -77, 198, 106, -17, -200, 84, -80, -48, 76, 86, 9, -67, -44, 211, 119, -45, -231, 60, -29, -93, 126, 68, 28, -67, -76, 203, 98,
-32, -229, 21, -39, -47, 116, 62, -36, -41, -44, 170, 75, -45, -249, -13, 31, -60, 119, 81, -25, -50, -17, 133, 0, 6, -262, -73, 75, -103, 150, 62, -23, -37, -23, 128,
-75, 33, -224, -63, 30, -67, 111, 78, 24, 9, 38, 151, 3, 86, -184, -68, 9, -32, 95, 42, 12, -50, -9, 224, -7, 44, -148, -52, 9, 39, 90, 23, -21, -46, -25,
269, 15, -17, -132, -8, 36, 2, 105, 14, -31, -18, -45, 194, -34, 65, -82, 8, 0, 11, 143, 23, -44, -50, -35, 193, -44, 13, -116, -37, -38, -1, 89, 52, 43, 18,
9, 119, -4, 21, -129, -20, 21, -21, 99, 99, 22, -15, 8, 180, 12, 3, -126, -45, -6, -8, 96, 67, 18, -31, -55, 150, -44, -38, -95, -56, -100, -23, 146, 89, -7,
-18, 4, 106, 3, -2, -101, 2, 66, 13, 43, 50, -3, -71, -26, 116, 69, 82, -70, 16, 34, -30, 93, 25, -2, -62, -3, 151, 0, 48, -30, 23, -48, -44, 93, 27,
-74, -6, 9, 244, 5, -32, -32, 5, -26, -51, 75, 21, -61, -33, 0, 257, -95, -107, -31, 79, -51, -101, 62, 36, -22, -47, -5, 176, -232, -168, -59, 111, -32, -53, 125,
33, -32, -12, 12, 205, -205, -165, -5, 111, 14, -30, 101, 4, -60, -62, 4, 224, -163, -144, -28, 95, -46, -43, 150, 73, -22, -6, 18, 256, -99, -135, -25, 76, -26, -66,
79, 30, 2, 10, 31, 160, -140, -138, -21, 39, -20, -33, 122, 92, 58, 23, 23, 176, -63, -69, -49, 72, 20, -37, 41, 3, 6, -5, -9, 202, -151, -199, -59, 81, 36,
-4, 64, 24, -12, -7, -10, 270, -123, -176, -25, 100, 66, -41, 18, -56, -75, -15, -13, 214, -197, -221, -6, 171, 80, -5, 47, -12, -86, -48, 6, 244, -161, -239, 5, 165,
73, -37, 55, 11, -48, -32, 8, 286, -157, -229, 74, 172, 63, -29, 60, 35, -55, -60, -23, 349, -148, -176, 24, 153, 0, -86, 42, 6, -1, -12, -31, 308, -162, -249, 7,
217, 47, 1, 51, -9, -35, -12, -2, 343, -178, -236, 14, 160, 15, -9, 102, -9, -30, -2, 3, 358, -224, -242, 36, 141, 46, -3, 66, 12, -61, -2, 27, 320, -170, -208,
44, 202, 24, -35, 74, -18, -60, 0, -8, 0, 0, 0, 0, 0, 0, 0, 0, 0, 0, 0, 0, 0, 0, 0, 0, 0, 0, 0, 0, 0, 0, 0, 0, 0, 0,
0, 0, 0, 0, 0, 0, 0, 0, 0, 0, 0, 0, 0, 0, 0, 0, 0, 0, 0, 0, 0, 0, 0, 0, 0, 0, 0, 0, 0, 0, 0, 0, 0, 0, 0,
0, 0, 0, 0, 0, 0, 0, 0, 0, 0, 0, 0, 0, 0, 0, 0, 0, 0, 0, 0, 0, 0, 0, 0, 0, 0, 0, 0, 0, 0, 0, 0, 0, 0, 0,
0, 0, 0, 0, 0, 0, 0, 0, 0, 0, 0, 0, 0, 0, 0, 0, 0, 0, 0, 0, 0, 0, 0, 0, 0, 0, 0, 0, 0, 0, 0, 0, 0, 0, 0,
0, 0, 0, 0, 0, 0, 0, 0, 0, 0, 0, 0, 0, 0, 0, 0, 0, 0, 0, 0, 0, 0, 0, 0, 0, 0, 0, 0, 0, 0, 0, 0, 0, 0, 0,
0, 0, 0, 0, 0, 0, 0, 0, 0, 0, 0, 0, 0, 0, 0, 0, 0, 0, 0, 0, 0, 0, 0, 0, 0, 0, 0, 0, 0, 0, 0, 0, 0, 0, 0,
0, 0, 0, 0, 0, 0, 0, 0, 0, 0, 0, 0, 0, 0, 0, 0, 0, 0, 0, 0, 0, 0, 0, 0, 0, 0, 0, 0, 0, 0, 0, 0, 0, 0, 0,
0, 0, 0, 0, 0, 0, 0, 0, 0, 0, 0, 0, 0, 0, 0, 0, 0, 0, 0, 0, 0, 0, 0, 0, 0, 0, 0, 0, 0, 0, 0, 0, 0, 0, 0,
0, 0, 0, 0, 0, 0, 0, 0, 0, 0, 0, 0, 0, 0, 0, 0, 0, 0, 0, 0, 0, 0, 0, 0, 0, 0, 0, 0, 0, 0, 0, 0, 0, 0, 0,
0, 0, 0, 0, 0, 0, 0, 0, 0, 0, 0, 0, 0, 0, 0, 0, 0, 0, 0, 0, 0, 0, 0, 0, 0, 0, 0, 0, 0, 0, 0, 0, 0, 0, 0,
0, 0, 0, 0, 0, 0, 0, 0, 0, 0, 0, 0, 0, 0, 0, 0, 0, 0, 0, 0, 0, 0, 0, 0, 0, 0, 0, 0, 0, 0, 0, 0, 0, 0, 0,
0, 0, 0, 0, 0, 0, 0, 0, 0, 0, 0, 0, 0, 0, 0, 0, 0, 0, 0, 0, 0, 0, 0, 0, 0, 0, 0, 0, 0, 0, 0, 0, 0, 0, 0,
0, 0, 0, 0, 0, 0, 0, 0, 0, 0, 0, 0, 0, 0, 0, 0, 0, 0, 0, 0, 0, 0, 0, 0, 0, 0, 0, 0, 0, 0, 0, 0, 0, 0, 0,
0, 0, 0, 0, 0, 0, 0, 0, 0, 0, 0, 0, 0, 0, 0, 0, 0, 0, 0, 0, 0, 0, 0, 0, 0, 0, 0, 0, 0, 0, 0, 0, 0, 0, 0,
0, 0, 0, 0, 0, 0, 0, 0, 0, 0, 0, 0, 0, 0, 0, 0, 0, 0, 0, 0, 0, 0, 0, 0, 0, 0, 0, 0, 0, 0, 0, 0, 0, 0, 0,
0, 0, 0, 0, 0, 0, 0, 0, 0, 0, 0, 0, 0, 0, 0, 0, 0, 0, 0, 0, 0, 0, 0, 0, 0, 0, 0, 0, 0, 0, 0, 0, 0, 0, 0,
0, 0, 0, 0, 0, 0, 0, 0, 0, 0, 0, 0, 0, 0, 0, 0, 0, 0, 0, 0, 0, 0, 0, 0, 0, 0, 0, 0, 0, 0, 0, 0, 0, 0, 0,
0, 0, 0, 0, 0, 0, 0, 0, 0, 0, 0, 0, 0, 0, 0, 0, 0, 0, 0, 0, 0, 0, 0, 0, 0, 0, 0, 0, 0, 0, 0, 0, 0, 0, 0,
0, 0, 0, 0, 0, 0, 0, 0, 0, 0, 0, 0, 0, 0, 0, 0, 0, 0, 0, 0, 0, 0, 0, 0, 0, 0, 0, 0, 0, 0, 0, 0, 0, 0, 0,
0, 0, 0, 0, 0, 0, 0, 0, 0, 0, 0, 0, 0, 0, 0, 0, 0, 0, 0, 0, 0, 0, 0, 0, 0, 0, 0, 0, 0, 0, 0, 0, 0, 0, 0,
0, 0, 0, 0, 0, 0, 0, 0, 0, 0, 0, 0, 0, 0, 0, 0, 0, 0, 0, 0, 0, 0, 0, 0, 0, 0, 0, 0, 0, 0, 0, 0, 0, 0, 0,
0, 0, 0, 0, 0, 0, 0, 0, 0, 0, 0, 0, 0, 0, 0, 0, 0, 0, 0, 0, 0, 0, 0, 0, 0, 0, 0, 0, 0, 0, 0, 0, 0, 0, 0,
0, 0, 0, 0, 0, 0, 0, 0, 0, 0, 0, 0, 0, 0, 0, 0, 0, 0, 0, 0, 0, 0, 0, 0, 0, 0, 0, 0, 0, 0, 0, 0, 0, 0, 0,
0, 0, 0, 0, 0, 0, 0, 0, 0, 0, 0, 0, 0, 0, 0, 0, 0, 0, 0, 0, 0, 0, 0, 0, 0, 0, 0, 0, 0, 0, 0, 0, 0, 0, 0,
0, 0, 0, 0, 0, 0, 0, 0, 0, 0, 0, 0, 0, 0, 0, 0, 0, 0, 0, 0, 0, 0, 0, 0, 0, 0, 0, 0, 0, 0, 0, 0, 0, 0, 0,
0, 0, 0, 0, 0, 0, 0, 0, 0, 0, 0, 0, 0, 0, 0, 0, 0, 0, 0, 0, 0, 0, 0, 0, 0, 0, 0, 0, 0, 0, 0, 0, 0, 0, 0,
0, 0, 0, 0, 0, 0, 0, 0, 0, 0, 0, 0, 0, 0, 0, 0, 0, 0, 0, 0, 0, 0, 0, 0, 0, 0, 0, 0, 0, 0, 0, 0, 0, 0, 0,
0, 0, 0, 0, 0, 0, 0, 0, 0, 0, 0, 0, 0, 0, 0, 0, 0, 0, 0, 0, 0, 0, 0, 0, 0, 0, 0, 0, 0, 0, 0, 0, 0, 0, 0,
0, 0, 0, 0, 0, 0, 0, 0, 0, 0, 0, 0, 0, 0, 0, 0, 0, 0, 0, 0, 0, 0, 0, 0, 0, 0, 0, 0, 0, 0, 0, 0, 0, 0, 0,
0, 0, 0, 0, 0, 0, 0, 0, 0, 0, 0, 0, 0, 0, 0, 0, 0, 0, 0, 0, 0, 0, 0, 0, 0, 0, 0, 0, 0, 0, 0, 0, 0, 0, 0,
0, 0, 0, 
print model ok!

start rec...
get noise again...
speeking...
frm_num=141
-65, 35, 25, 36, 31, 35, 32, 36, 35, 36, 33, 33, 2, -182, 67, 83, 66, 48, 1, 6, -1, 77, 35, 14, 97, -236, -76, 37, 70, 53, -28, -27, -89, 50, -27,
-13, 42, -316, -112, 70, 88, 98, -47, -29, -98, 22, -41, -10, 51, -265, -136, 52, 54, 80, -53, 23, -91, 51, -67, -10, 62, -281, -144, 58, 50, 70, -55, -27, -108, 55,
-32, -17, 93, -252, -106, 18, 131, 29, -17, -2, -80, 14, -62, 34, 85, -311, -121, 36, 154, -53, -35, 12, -92, 7, -58, 8, 110, -249, -41, 20, 97, -8, -27, 0, -116,
13, -88, 33, 126, -206, -71, 66, 145, -30, -19, -50, -144, 3, -30, 25, 132, -251, -24, 61, 141, -7, -53, -41, -109, -23, -56, 3, 141, -207, -31, 41, 123, 20, -46, -17,
-103, -24, -39, 48, 176, -154, -74, -21, 104, 18, -13, 10, -38, -31, -89, 38, 217, -212, -88, -53, 99, 9, 49, 8, -67, -14, -82, 9, 186, -99, 22, -83, 32, -11, 55,
17, -16, -27, -92, 1, 242, -110, -45, -75, 19, -10, 30, 38, 0, -24, -76, -46, 272, -144, -82, -120, 48, 26, 17, -23, 60, -25, -108, -21, 267, -108, -73, -112, 37, -18,
54, -18, 46, 3, -123, -9, 288, -91, -86, -145, 85, -9, 11, 6, 12, -8, -95, -22, 248, -28, -34, -81, 63, -45, 0, 1, 37, 15, -88, -53, 236, -49, -4, -36, 120,
-47, -25, -4, -18, 48, -27, -41, 253, -104, -49, 0, 105, 19, -15, -8, 22, 30, -66, -29, 215, -59, -85, -21, 144, 19, 19, 27, -9, 64, -59, -86, 174, -151, -119, -72,
144, 40, -9, 16, -13, 4, -72, -78, 161, -132, -59, -38, 112, 42, -13, -35, -5, 56, -68, -44, 196, -10, -23, -46, 82, 22, 9, 5, -10, -2, -74, 3, 163, -11, 21,
39, 72, -6, 42, 23, -46, -33, -72, -41, 198, -50, 30, 25, 68, 72, -22, -13, -20, -16, -5, -17, 198, -56, -36, 23, 94, -1, -10, 17, -21, 9, -30, -61, 205, -49,
-68, 22, 75, 16, -26, 14, -29, 20, -18, -78, 205, -62, -23, -6, 63, 15, 6, -5, -23, 11, -22, -3, 135, -93, -38, -5, 69, 73, -3, -1, 0, -13, -13, -32, 31,
-72, 13, 27, 73, 67, 48, 43, -2, 1, -64, -26, 0, -72, 21, -12, 124, 123, -26, -19, -50, -26, -1, 19, 188, -63, -29, -104, -30, 51, -26, -9, -1, -10, -13, 4,
270, -154, -36, -176, -80, 36, 14, 32, -63, -22, -27, -50, 218, -187, 17, -109, -31, 52, 40, 9, -22, -52, -66, -9, 183, -131, 39, -84, -66, 33, -20, -23, -9, -13, -9,
2, 136, -152, 15, -206, -43, -8, 49, 27, 59, -38, -62, 23, 114, -190, -25, -282, 4, 102, 72, 4, 4, -43, -18, 8, 170, -190, -58, -282, 18, 149, 52, -11, 4, -41,
1, -1, 157, -192, -71, -283, 12, 116, 36, -17, 11, -47, 24, -41, 188, -191, -78, -205, -7, 138, 20, -20, 61, -79, -9, 1, 205, -150, -75, -248, -8, 153, 4, -21, 65,
-79, 5, -5, 167, -171, -70, -287, 19, 96, 9, 43, 36, -94, 34, 0, 164, -144, -6, -281, 13, 67, -13, 39, 45, -69, 56, 5, 199, -137, 36, -258, -11, 29, -48, 43,
48, -40, 32, 24, 192, -119, 38, -281, -42, 34, -35, 45, 55, -56, -40, -1, 222, -60, 4, -219, -69, 35, -28, 0, 54, -65, -10, 15, 222, -64, 87, -191, -13, 50, -71,
37, 12, -49, -11, -30, 259, -52, 45, -171, -10, 45, -45, 41, 9, -91, -56, -23, 245, -49, 57, -189, -5, 84, -2, 16, -2, -79, -38, -61, 251, -40, 6, -152, 6, 73,
17, 38, -22, -99, -43, -73, 212, -21, 67, -64, 13, 106, 20, -17, 10, -89, -31, -65, 301, -7, -3, -102, 31, 67, -46, 46, -3, -104, -46, 2, 248, -15, 19, -143, 61,
31, 8, 91, -7, -103, -86, -50, 285, -49, -5, -114, 28, 81, 29, 39, 17, -109, -90, -30, 277, -30, 7, -112, 15, 70, 36, 74, -1, -94, -98, -11, 244, -28, 9, -123,
26, 76, 0, 88, 14, -104, -79, -25, 296, -32, 33, -72, -5, 51, 42, 88, -5, -92, -86, -20, 272, 51, 0, -85, 48, 110, 6, 3, -30, -69, -53, -63, 278, 39, 33,
-45, 11, 50, -14, 45, -37, -71, -38, 0, 232, -15, 74, -30, 34, 48, -19, 32, 6, -68, -53, -31, 255, 3, 38, -104, 14, 49, -25, 42, -8, -57, -35, -3, 241, -13,
-22, -46, 66, 25, -2, 100, 16, -80, -33, -31, 231, -11, -3, -104, -13, 21, 18, 103, 47, -14, -4, -18, 281, -143, -114, -211, -23, 57, 46, 50, -46, -17, 25, -9, 265,
-200, -97, -140, 15, 48, 16, 28, -67, 13, 0, -4, 240, -204, -34, -104, 81, 38, 1, 32, -64, 69, -27, -58, 248, -217, -60, -103, 77, 91, 9, -40, -91, 71, -41, -50,
199, -240, -15, -55, 124, 84, -70, -26, -83, 77, 21, -61, 128, -250, 14, -51, 135, 51, -54, -23, -70, 97, -15, -39, 134, -304, -27, -43, 122, 22, 0, 12, -77, 85, -41,
-32, 124, -319, -28, -57, 97, 18, -39, 8, -89, 101, 6, -23, 106, -272, -43, -134, 87, 66, -39, 54, -87, 96, -4, -20, 121, -308, -53, -154, 167, 70, -70, 2, -21, 82,
-7, -25, 127, -277, -34, -121, 112, 73, -47, 37, -49, 13, 3, -11, 147, -276, 10, -106, 80, 60, -41, 11, -43, -1, 28, 5, 180, -229, -17, -155, 138, 46, -69, 15, -11,
-2, 21, -29, 205, -212, -30, -138, 111, 26, -52, 51, -13, -17, 13, -35, 44, -244, 68, -61, 152, 108, -103, 30, 30, 7, 0, -45, 90, -203, -5, -89, 133, 59, -106, 0,
13, 75, 3, -36, 125, -234, -19, -61, 161, 103, -65, -22, -10, -3, -17, -50, 138, -226, -1, -85, 123, 86, -55, 5, -33, 2, 11, -5, 201, -145, -56, -85, 144, 61, -57,
-2, 12, 24, 19, -6, 141, -170, -9, -41, 162, 87, -68, -41, -52, 41, 41, -9, 178, -234, -47, -28, 141, 100, -36, 9, -52, 13, 64, -13, 113, -149, -71, -26, 77, 128,
-11, 19, -49, 4, 12, -18, 9, -117, 66, 0, 43, 45, -88, 27, -28, 0, 35, -5, 67, -127, -12, 12, 83, 76, -71, -22, -31, -2, 38, 4, 143, -143, -91, 9, 127,
31, -30, 9, -19, 42, 23, -28, 60, -141, -51, -21, 162, 77, -43, 18, -1, 26, -9, -51, 67, -140, 18, 18, 136, 122, -59, -12, 0, 7, -1, 5, 19, -142, -64, 8,
167, 93, -45, -10, 2, 25, -23, 18, 27, -149, -9, 10, 95, 73, -38, 43, 60, 45, 1, -6, -70, -112, -20, 28, 45, 70, 10, 42, 57, 43, 58, 66, -87, -66, -41,
34, 117, 16, 16, 47, -25, 14, 8, -10, 108, 81, -61, -15, 6, -56, -40, 4, -5, 17, 15, -42, 202, 92, -38, -135, 2, -106, -47, 39, 41, 27, 3, -18, 120, 133,
1, -209, 34, -100, -76, 61, 42, 12, -14, -16, 120, 122, 42, -239, 12, -126, -64, 112, 34, -45, -11, 6, 142, 110, 29, -249, -22, -63, -36, 74, -6, -28, -7, -35, 233,
96, 75, -274, -4, -28, 0, 64, 13, -70, -36, -32, 185, 100, 21, -264, 22, -44, -29, 81, 33, -59, -45, -38, 197, 94, 0, -223, 23, -77, -59, 131, 44, -51, -51, -38,
154, 106, 44, -260, -16, -18, -57, 100, 56, -68, -43, -58, 180, 88, 65, -274, -37, -35, -25, 140, 43, -62, -75, -40, 165, 61, 31, -293, -5, -30, -28, 139, 20, -61, -76,
-56, 252, 30, 24, -276, 1, -66, 14, 132, 18, -37, -67, -51, 258, 4, 15, -258, -68, -30, 22, 104, 10, 0, -121, -48, 255, 32, -7, -255, -25, -50, 52, 98, -13, 40,
-92, -66, 218, 12, 11, -239, -27, -40, 39, 116, 8, -14, -65, -82, 251, -9, 21, -184, -9, -42, 64, 122, -30, -43, -14, -52, 201, -6, 61, -112, 4, -26, 34, 121, -19,
-35, -77, -76, 254, 18, 49, -156, -1, -78, 46, 125, 3, -48, -42, -47, 269, 17, 29, -132, 7, -53, -2, 131, -6, -35, -39, -60, 261, 66, -13, -128, 31, -37, 47, 123,
-6, -52, -73, -89, 264, 2, -10, -95, 15, -42, 19, 155, -6, -60, -59, -105, 223, 38, 30, -110, 13, -77, -16, 115, 6, -50, -86, -66, 292, 27, -56, -40, 19, -72, -21,
103, 17, -46, -51, -61, 295, -13, -94, -59, -11, -72, -13, 124, 73, -15, -34, -79, 309, -30, -65, -80, 37, -7, -25, 82, 17, -39, -66, -38, 256, -11, -43, -65, 47, -53,
-23, 115, 49, -50, -50, -26, 244, -47, -58, -83, 54, 7, 13, 101, 29, -72, -16, 36, 251, -14, -105, -76, 92, 66, 6, 85, 3, -87, -57, -11, 280, -53, -122, -43, 108,
28, -17, 64, -31, -40, -71, -7, 234, -97, -130, -94, 79, 17, 4, 96, 63, -21, -81, -39, 268, -66, -132, -78, 111, 44, -5, 36, -46, -50, -51, -10, 228, -183, -219, -84,
131, 91, 8, 63, -23, -35, -20, 15, 325, -126, -227, -47, 111, 89, 2, 23, -81, -29, -1, 0, 366, -124, -251, -24, 103, 16, -50, 21, -31, -78, -38, 16, 382, -123, -214,
17, 115, 12, -118, 64, 14, -74, -56, 9, 402, -130, -236, 4, 106, -4, -73, 61, -1, -45, -59, -11, 423, -114, -248, -13, 146, 31, -46, 12, -10, -42, -59, 0, 397, -45,
-214, -25, 127, 63, -74, -10, -28, -26, -11, -2, 394, -81, -238, 40, 150, 64, -103, 0, 19, -45, -20, -2, 361, -100, -160, 39, 151, 28, -63, 15, -25, -48, 30, -5, 403,
-98, -200, 16, 115, 53, -6, 6, -79, -28, 24, 0, 339, -110, -148, 8, 125, 24, -28, 27, -53, -24, 29, -5, 330, -190, -204, 9, 130, 33, 5, 52, -62, -38, 61, 17,
291, -254, -199, 22, 106, 21, 7, 69, -16, -30, 78, 55, 0, 0, 0, 0, 0, 0, 0, 0, 0, 0, 0, 0, 0, 0, 0, 0, 0, 0, 0, 0, 0, 0, 0,
0, 0, 0, 0, 0, 0, 0, 0, 0, 0, 0, 0, 0, 0, 0, 0, 0, 0, 0, 0, 0, 0, 0, 0, 0, 0, 0, 0, 0, 0, 0, 0, 0, 0, 0,
0, 0, 0, 0, 0, 0, 0, 0, 0, 0, 0, 0, 0, 0, 0, 0, 0, 0, 0, 0, 0, 0, 0, 0, 0, 0, 0, 0, 0, 0, 0, 0, 0, 0, 0,
0, 0, 0, 0, 0, 0, 0, 0, 0, 0, 0, 0, 0, 0, 0, 0, 0, 0, 0, 0, 0, 0, 0, 0, 0, 0, 0, 0, 0, 0, 0, 0, 0, 0, 0,
0, 0, 0, 0, 0, 0, 0, 0, 0, 0, 0, 0, 0, 0, 0, 0, 0, 0, 0, 0, 0, 0, 0, 0, 0, 0, 0, 0, 0, 0, 0, 0, 0, 0, 0,
0, 0, 0, 0, 0, 0, 0, 0, 0, 0, 0, 0, 0, 0, 0, 0, 0, 0, 0, 0, 0, 0, 0, 0, 0, 0, 0, 0, 0, 0, 0, 0, 0, 0, 0,
0, 0, 0, 0, 0, 0, 0, 0, 0, 0, 0, 0, 0, 0, 0, 0, 0, 0, 0, 0, 0, 0, 0, 0, 0, 0, 0, 0, 0, 0, 0, 0, 0, 0, 0,
0, 0, 0, 0, 0, 0, 0, 0, 0, 0, 0, 0, 0, 0, 0, 0, 0, 0, 0, 0, 0, 0, 0, 0, 0, 0, 0, 0, 0, 0, 0, 0, 0, 0, 0,
0, 0, 0, 0, 0, 0, 0, 0, 0, 0, 0, 0, 0, 0, 0, 0, 0, 0, 0, 0, 0, 0, 0, 0, 0, 0, 0, 0, 0, 0, 0, 0, 0, 0, 0,
0, 0, 0, 0, 0, 0, 0, 0, 0, 0, 0, 0, 0, 0, 0, 0, 0, 0, 0, 0, 0, 0, 0, 0, 0, 0, 0, 0, 0, 0, 0, 0, 0, 0, 0,
0, 0, 0, 0, 0, 0, 0, 0, 0, 0, 0, 0, 0, 0, 0, 0, 0, 0, 0, 0, 0, 0, 0, 0, 0, 0, 0, 0, 0, 0, 0, 0, 0, 0, 0,
0, 0, 0, 0, 0, 0, 0, 0, 0, 0, 0, 0, 0, 0, 0, 0, 0, 0, 0, 0, 0, 0, 0, 0, 0, 0, 0, 0, 0, 0, 0, 0, 0, 0, 0,
0, 0, 0, 0, 0, 0, 0, 0, 0, 0, 0, 0, 0, 0, 0, 0, 0, 0, 0, 0, 0, 0, 0, 0, 0, 0, 0, 0, 0, 0, 0, 0, 0, 0, 0,
0, 0, 0, 0, 0, 0, 0, 0, 0, 0, 0, 0, 0, 0, 0, 0, 0, 0, 0, 0, 0, 0, 0, 0, 0, 0, 0, 0, 0, 0, 0, 0, 0, 0, 0,
0, 0, 0, 0, 0, 0, 0, 0, 0, 0, 0, 0, 0, 0, 0, 0, 0, 0, 0, 0, 0, 0, 0, 0, 0, 0, 0, 0, 0, 0, 0, 0, 0, 0, 0,
0, 0, 0, 0, 0, 0, 0, 0, 0, 0, 0, 0, 0, 0, 0, 0, 0, 0, 0, 0, 0, 0, 0, 0, 0, 0, 0, 0, 0, 0, 0, 0, 0, 0, 0,
0, 0, 0, 0, 0, 0, 0, 0, 0, 0, 0, 0, 0, 0, 0, 0, 0, 0, 0, 0, 0, 0, 0, 0, 0, 0, 0, 0, 0, 0, 0, 0, 0, 0, 0,
0, 0, 0, 0, 0, 0, 0, 0, 0, 0, 0, 0, 0, 0, 0, 0, 0, 0, 0, 0, 0, 0, 0, 0, 0, 0, 0, 0, 0, 0, 0, 0, 0, 0, 0,
0, 0, 0, 0, 0, 0, 0, 0, 0, 0, 0, 0, 0, 0, 0, 0, 0, 0, 0, 0, 0, 0, 0, 0, 0, 0, 0, 0, 0, 0, 0, 0, 0, 0, 0,
0, 0, 0, 0, 0, 0, 0, 0, 0, 0, 0, 0, 0, 0, 0, 0, 0, 0, 0, 0, 0, 0, 0, 0, 0, 0, 0, 0, 0, 0, 0, 0, 0, 0, 0,
0, 0, 0, 0, 0, 0, 0, 0, 0, 0, 0, 0, 0, 0, 0, 0, 0, 0, 0, 0, 0, 0, 0, 0, 0, 0, 0, 0, 0, 0, 0, 0, 0, 0, 0,
0, 0, 0, 0, 0, 0, 0, 0, 0, 0, 0, 0, 0, 0, 0, 0, 0, 0, 0, 0, 0, 0, 0, 0, 0, 0, 0, 0, 0, 0, 0, 0, 0, 0, 0,
0, 0, 0, 0, 0, 0, 0, 0, 0, 0, 0, 0, 0, 0, 0, 0, 0, 0, 0, 0, 0, 0, 0, 0, 0, 0, 0, 0, 0, 0, 0, 0, 0, 0, 0,
0, 0, 0, 0, 0, 0, 0, 0, 0, 0, 0, 0, 0, 0, 0, 0, 0, 0, 0, 0, 0, 0, 0, 0, 0, 0, 0, 0, 0, 0, 0, 0, 0, 0, 0,
0, 0, 0, 0, 0, 0, 0, 0, 0, 0, 0, 0, 0, 0, 0, 0, 0, 0, 0, 0, 0, 0, 0, 0, 0, 0, 0, 0, 0, 0, 0, 0, 0, 0, 0,
0, 0, 0, 0, 0, 0, 0, 0, 0, 0, 0, 0, 0, 0, 0, 0, 0, 0, 0, 0, 0, 0, 0, 0, 0, 0, 0, 0, 0, 0, 0, 0, 0, 0, 0,
0, 0, 0, 0, 0, 0, 0, 0, 0, 0, 0, 0, 0, 0, 0, 0, 0, 0, 0, 0, 0, 0, 0, 0, 0, 0, 0, 0, 0, 0, 0, 0, 0, 0, 0,
0, 0, 0, 
print model ok!

start rec...
get noise again...
speeking...
frm_num=142
-67, 38, 26, 38, 33, 38, 34, 38, 37, 39, 36, 36, 112, -297, -50, 37, 90, 111, 30, -59, -24, 14, -7, -11, 71, -302, -1, 51, 92, 59, -22, 8, 2, 26, -41,
-3, 58, -377, -8, 51, 118, 59, -48, 0, 13, 75, -25, -32, 31, -379, -19, -14, 166, 48, -53, -1, -13, 110, -27, -71, -17, -305, -57, 11, 206, 23, -6, 6, -22, 123,
-39, -27, 38, -318, -58, -14, 179, 20, 19, -36, -19, 65, -68, -21, 135, -338, -79, 44, 135, 78, 13, -4, -72, 55, -39, -19, 56, -282, -12, 51, 142, 56, 1, -56, -58,
15, -57, -10, 87, -297, -56, -4, 223, 79, -36, -46, -28, -17, -127, -15, 123, -292, -79, 23, 241, 22, 12, -62, -25, -22, -85, 11, 137, -273, -130, 41, 231, -4, 54, -81,
-8, -36, -99, 5, 181, -228, -79, 11, 169, 11, 54, 1, -43, -46, -106, -11, 121, -139, -69, -9, 159, -33, 81, -38, 52, -68, -92, -52, 158, -170, -103, -17, 143, 3, 67,
-48, 22, -24, -60, -63, 187, -174, -63, -15, 99, 62, 21, -76, 44, 7, -50, -69, 193, -159, -27, 9, 143, 9, 40, -96, -13, 40, -52, -33, 258, -157, -26, -16, 114, 2,
38, -21, 2, 2, -78, -46, 213, -126, -22, -6, 158, -45, 28, -49, -26, 22, -34, -50, 180, -170, -45, 35, 197, 12, -5, -62, -20, 18, -73, -44, 194, -157, -113, 23, 213,
44, -60, -19, -1, -20, -84, -41, 147, -166, -85, 71, 178, -22, -32, -15, -8, -18, -71, -54, 139, -126, -65, 115, 180, 0, -55, -28, 14, -59, -68, -41, 115, -120, 0, 97,
147, 26, -12, -17, 8, -59, -81, -47, 147, -93, -21, 125, 178, 8, -55, -35, -29, -27, -52, -51, 108, -130, -11, 121, 197, 25, -34, -71, -61, 23, -35, -22, 156, -108, -40,
56, 148, 12, -52, -29, 8, 22, -54, -40, 163, -92, -95, 65, 150, -4, 10, -25, 14, 22, -61, -38, 170, -106, -77, 71, 142, 76, -21, -45, 9, 17, -68, -33, 71, -99,
12, 114, 204, 14, -49, 5, -10, 3, -33, -20, 6, -60, 10, 130, 173, 52, 12, -20, -42, -43, -63, -6, 54, -42, -27, 33, 145, 69, 22, 28, -25, -13, -2, 25, 46,
-54, 5, 45, 117, 23, -19, 8, -6, 2, -31, 8, 223, -75, -37, -54, 22, 1, -14, 21, -1, -12, -36, 31, 208, -90, -33, -117, 20, 121, 49, 10, 26, -30, -80, -21,
166, -61, 61, -47, 20, 7, -32, 7, 27, -28, -59, -20, 171, -113, 25, -175, -26, 58, -20, 19, 37, -36, -40, 5, 161, -132, 21, -240, -28, 48, 47, 1, 48, -35, -79,
-24, 202, -98, 4, -233, -53, 43, 7, 64, 30, -115, -72, -16, 194, -141, 16, -235, 3, 62, -16, 84, 47, -130, -31, -2, 169, -151, -22, -258, 23, 110, 1, 46, 38, -132,
-48, -11, 183, -182, -12, -263, 49, 110, 13, 97, 30, -128, -37, -16, 168, -190, -71, -244, 53, 90, -47, 35, 28, -132, -30, -30, 144, -154, -62, -181, 60, 85, -57, 10, 72,
-72, 59, -30, 133, -157, -24, -267, 54, 101, -108, -18, 67, -71, 35, -36, 141, -156, -3, -277, 74, 104, -95, 5, 116, -88, 25, 9, 147, -134, 17, -257, 36, 88, -119, -15,
129, -40, 57, -6, 210, -99, 3, -285, 61, 128, -86, 27, 101, -59, 25, 17, 223, -125, 14, -260, 2, 124, -32, 1, 73, -116, -20, -16, 181, -88, 57, -251, -30, 161, -29,
-4, 49, -101, -17, -9, 225, -83, 37, -228, 4, 143, -30, 15, 68, -85, -18, -41, 247, -102, -8, -209, -19, 156, -22, 26, 65, -112, -1, -25, 189, -80, -32, -220, 83, 194,
-14, -11, 71, -76, -51, -12, 191, -100, -12, -141, 96, 154, -20, 3, 64, -95, -3, -41, 216, -83, 30, -141, 86, 134, -60, 16, 17, -78, -14, -16, 224, -13, 3, -94, 51,
55, -52, -11, 23, -13, 2, -19, 242, 34, 36, -139, 40, 95, -16, -7, 0, -13, 37, -44, 283, 25, 29, -151, 5, 141, -17, -10, -21, 14, -9, -15, 288, -51, 14, -91,
50, 103, 12, 22, 5, -97, 10, -15, 255, -28, -6, -84, 22, 135, 34, 6, 6, -107, -63, -20, 242, 15, 35, -116, 12, 150, 11, -7, -20, -75, -66, 11, 228, 20, 45,
-72, 26, 81, -17, 37, -16, -69, 7, -10, 221, -1, 51, -65, -1, 38, 29, 24, -7, -58, -8, -12, 195, -17, 31, -81, 2, 16, 30, 68, 43, -34, 21, 2, 204, -239,
-39, -116, 15, 9, 74, 65, -85, -5, 39, -17, 202, -268, -91, -102, 78, 70, 41, 9, -105, 29, 7, -21, 96, -271, -37, -42, 83, 65, 38, -3, -104, 17, 0, -62, 117,
-300, -39, -1, 106, 42, 7, 11, -72, 47, 2, -29, 74, -312, -42, -53, 169, 70, -69, 5, -61, 94, -21, -40, 54, -324, -87, -87, 199, 42, -84, 36, 3, 80, -41, -61,
6, -371, -58, -60, 203, 67, -66, 28, 2, 86, -54, -34, -40, -328, -96, -97, 184, 57, -89, 37, 55, 91, -24, -58, -26, -333, -34, -66, 156, 30, -58, -5, -1, 91, -48,
2, 39, -356, -13, -79, 121, 57, -7, 7, -42, 31, 1, -32, 117, -321, -94, -112, 131, 42, 12, 15, -2, 7, 26, -5, 80, -317, -70, -80, 78, 60, 25, -4, -8, -15,
-8, 1, 114, -273, -28, -154, 93, 92, -7, 19, 8, 13, 19, -39, 162, -256, -105, -112, 101, 55, 7, 9, -17, 3, -6, -61, 108, -308, -17, -119, 170, 114, -55, 20, 18,
-53, -7, -55, 113, -254, 16, -109, 164, 82, -44, -26, 8, 47, -7, -34, 77, -297, 43, -11, 197, 112, -11, -7, -29, -5, -59, -65, 85, -214, 44, -48, 129, 14, -73, 0,
45, 54, -49, -70, 105, -233, 14, -11, 161, 25, -67, 28, 2, 9, 1, -19, 104, -250, 25, -86, 130, 75, -18, 59, 0, 13, -26, -70, 112, -252, -33, -26, 150, 99, 5,
36, -29, -26, -13, -50, 150, -217, -25, -40, 102, 121, 0, 26, 8, 23, -23, -52, 148, -195, -35, -28, 128, 103, -7, 9, 14, 13, -14, -58, 155, -177, -66, -43, 133, 95,
-22, 1, 8, 40, -38, -93, 125, -167, -22, -62, 138, -2, -58, 32, -3, 33, -6, -127, 135, -172, -20, 0, 156, 39, -55, 19, -8, 18, 0, -51, 101, -162, 0, -18, 115,
56, -30, 6, -2, 13, 0, -19, 41, -136, 15, -3, 133, 56, 12, 1, -22, 6, 9, 21, 51, -164, 6, 40, 138, 77, 9, 14, -5, 33, -7, -7, -96, 34, -78, 48,
147, 40, 65, -34, 25, -8, 21, 17, -67, -22, -55, 18, 114, 77, 26, -5, -29, -30, 24, 21, 90, 31, -15, -18, 52, 3, -40, -19, -4, 0, 7, 14, 133, 79, -29,
-96, 4, -87, -37, 15, 14, 55, 37, -28, 189, 45, -79, -128, 21, -76, -103, 54, 16, 36, 40, -15, 139, 67, -51, -184, 8, -129, -103, 110, 23, 1, 6, -56, 125, 74,
-42, -211, 23, -60, -65, 67, 20, 12, -11, -34, 116, 92, -36, -211, 40, -10, -86, 92, 27, 20, -32, -56, 97, 47, -34, -200, 106, -14, -55, 145, 21, -40, -63, -64, 73,
62, -28, -250, 52, 0, -57, 112, -2, 24, -84, -73, 86, 123, 5, -279, 27, -45, 9, 128, -2, -8, -13, -32, 100, 93, -37, -249, 17, -59, -45, 135, -6, 9, -29, -37,
144, 63, -20, -234, -12, -9, -33, 105, 13, -7, -15, -5, 148, 20, 33, -265, -50, 11, -61, 121, 13, -31, -32, -31, 145, 59, 15, -236, -13, 4, -20, 115, 29, -12, -68,
-6, 168, 54, -26, -203, -32, -15, 7, 84, -10, 17, -33, -4, 185, -13, 50, -180, 0, 9, 17, 84, -16, 35, -37, -9, 125, -14, 53, -145, 41, 42, 60, 132, -25, -29,
-67, -74, 170, 32, 13, -145, 38, 49, -3, 98, -12, 9, -38, -64, 173, 0, 8, -152, 10, 17, 15, 123, -6, -44, -56, -9, 209, 49, 11, -170, 48, 62, 31, 122, 12,
-12, -55, -51, 182, 42, 35, -142, 35, -24, 7, 161, 10, -67, -44, -33, 233, -43, -48, -110, 56, 2, -3, 146, 24, -19, -25, -82, 250, 31, -9, -101, 6, -32, 70, 138,
17, -48, -41, -65, 243, 38, -2, -100, -44, -41, 30, 139, 44, -74, -76, -13, 228, 0, -30, -96, 36, 24, 28, 114, 27, -30, -50, -73, 156, -80, -5, -49, 93, -5, -11,
114, 61, -10, -38, -19, 165, -65, -29, -4, 88, -14, -10, 113, 26, -7, -38, -45, 202, -25, -77, -54, 82, 14, -9, 90, 8, -10, -36, -22, 235, -36, -25, -66, 138, 4,
-16, 54, -6, 22, -8, 11, 185, -30, -37, -83, 86, 50, 14, 79, -33, -81, -15, -6, 188, -97, -102, -71, 110, 5, 4, 96, 32, -30, -39, -12, 212, -85, -90, -22, 135,
-5, -10, 54, 35, -7, -47, -28, 256, -53, -125, -31, 81, -27, 18, 61, -65, -70, 12, 21, 238, -139, -217, -51, 122, 43, 9, 43, -58, -58, -64, 17, 219, -78, -169, 8,
145, 27, 11, 28, -22, -77, -13, 26, 333, -127, -205, -38, 136, 25, -31, 17, 6, -47, -8, -5, 320, -102, -194, -26, 154, 16, -90, -26, -7, -49, -8, 39, 295, -147, -206,
-35, 125, 38, -44, -27, -23, -68, -10, -3, 356, -136, -236, -35, 228, 85, -67, -71, -2, -56, -16, 5, 331, -165, -246, -31, 189, 27, -39, -13, -42, -54, -22, -38, 334, -165,
-256, -20, 162, 25, 5, 44, -87, -89, 13, -4, 362, -172, -269, 16, 165, 17, -14, 69, -34, -81, 1, -6, 313, -169, -176, 71, 208, -20, -24, 89, 11, -112, -72, -16, 320,
-162, -233, 46, 190, 72, 9, 6, -66, -84, -29, -7, 269, -184, -166, 81, 164, 26, 34, 17, -103, -63, 15, -6, 193, -308, -124, 130, 164, -32, 0, 82, -83, -90, 63, 31,
134, -286, -194, 76, 144, 15, 89, 62, -72, -57, 85, 82, 112, -247, -113, 24, 148, 47, 54, 63, -80, -57, 44, 48, 0, 0, 0, 0, 0, 0, 0, 0, 0, 0, 0,
0, 0, 0, 0, 0, 0, 0, 0, 0, 0, 0, 0, 0, 0, 0, 0, 0, 0, 0, 0, 0, 0, 0, 0, 0, 0, 0, 0, 0, 0, 0, 0, 0, 0, 0,
0, 0, 0, 0, 0, 0, 0, 0, 0, 0, 0, 0, 0, 0, 0, 0, 0, 0, 0, 0, 0, 0, 0, 0, 0, 0, 0, 0, 0, 0, 0, 0, 0, 0, 0,
0, 0, 0, 0, 0, 0, 0, 0, 0, 0, 0, 0, 0, 0, 0, 0, 0, 0, 0, 0, 0, 0, 0, 0, 0, 0, 0, 0, 0, 0, 0, 0, 0, 0, 0,
0, 0, 0, 0, 0, 0, 0, 0, 0, 0, 0, 0, 0, 0, 0, 0, 0, 0, 0, 0, 0, 0, 0, 0, 0, 0, 0, 0, 0, 0, 0, 0, 0, 0, 0,
0, 0, 0, 0, 0, 0, 0, 0, 0, 0, 0, 0, 0, 0, 0, 0, 0, 0, 0, 0, 0, 0, 0, 0, 0, 0, 0, 0, 0, 0, 0, 0, 0, 0, 0,
0, 0, 0, 0, 0, 0, 0, 0, 0, 0, 0, 0, 0, 0, 0, 0, 0, 0, 0, 0, 0, 0, 0, 0, 0, 0, 0, 0, 0, 0, 0, 0, 0, 0, 0,
0, 0, 0, 0, 0, 0, 0, 0, 0, 0, 0, 0, 0, 0, 0, 0, 0, 0, 0, 0, 0, 0, 0, 0, 0, 0, 0, 0, 0, 0, 0, 0, 0, 0, 0,
0, 0, 0, 0, 0, 0, 0, 0, 0, 0, 0, 0, 0, 0, 0, 0, 0, 0, 0, 0, 0, 0, 0, 0, 0, 0, 0, 0, 0, 0, 0, 0, 0, 0, 0,
0, 0, 0, 0, 0, 0, 0, 0, 0, 0, 0, 0, 0, 0, 0, 0, 0, 0, 0, 0, 0, 0, 0, 0, 0, 0, 0, 0, 0, 0, 0, 0, 0, 0, 0,
0, 0, 0, 0, 0, 0, 0, 0, 0, 0, 0, 0, 0, 0, 0, 0, 0, 0, 0, 0, 0, 0, 0, 0, 0, 0, 0, 0, 0, 0, 0, 0, 0, 0, 0,
0, 0, 0, 0, 0, 0, 0, 0, 0, 0, 0, 0, 0, 0, 0, 0, 0, 0, 0, 0, 0, 0, 0, 0, 0, 0, 0, 0, 0, 0, 0, 0, 0, 0, 0,
0, 0, 0, 0, 0, 0, 0, 0, 0, 0, 0, 0, 0, 0, 0, 0, 0, 0, 0, 0, 0, 0, 0, 0, 0, 0, 0, 0, 0, 0, 0, 0, 0, 0, 0,
0, 0, 0, 0, 0, 0, 0, 0, 0, 0, 0, 0, 0, 0, 0, 0, 0, 0, 0, 0, 0, 0, 0, 0, 0, 0, 0, 0, 0, 0, 0, 0, 0, 0, 0,
0, 0, 0, 0, 0, 0, 0, 0, 0, 0, 0, 0, 0, 0, 0, 0, 0, 0, 0, 0, 0, 0, 0, 0, 0, 0, 0, 0, 0, 0, 0, 0, 0, 0, 0,
0, 0, 0, 0, 0, 0, 0, 0, 0, 0, 0, 0, 0, 0, 0, 0, 0, 0, 0, 0, 0, 0, 0, 0, 0, 0, 0, 0, 0, 0, 0, 0, 0, 0, 0,
0, 0, 0, 0, 0, 0, 0, 0, 0, 0, 0, 0, 0, 0, 0, 0, 0, 0, 0, 0, 0, 0, 0, 0, 0, 0, 0, 0, 0, 0, 0, 0, 0, 0, 0,
0, 0, 0, 0, 0, 0, 0, 0, 0, 0, 0, 0, 0, 0, 0, 0, 0, 0, 0, 0, 0, 0, 0, 0, 0, 0, 0, 0, 0, 0, 0, 0, 0, 0, 0,
0, 0, 0, 0, 0, 0, 0, 0, 0, 0, 0, 0, 0, 0, 0, 0, 0, 0, 0, 0, 0, 0, 0, 0, 0, 0, 0, 0, 0, 0, 0, 0, 0, 0, 0,
0, 0, 0, 0, 0, 0, 0, 0, 0, 0, 0, 0, 0, 0, 0, 0, 0, 0, 0, 0, 0, 0, 0, 0, 0, 0, 0, 0, 0, 0, 0, 0, 0, 0, 0,
0, 0, 0, 0, 0, 0, 0, 0, 0, 0, 0, 0, 0, 0, 0, 0, 0, 0, 0, 0, 0, 0, 0, 0, 0, 0, 0, 0, 0, 0, 0, 0, 0, 0, 0,
0, 0, 0, 0, 0, 0, 0, 0, 0, 0, 0, 0, 0, 0, 0, 0, 0, 0, 0, 0, 0, 0, 0, 0, 0, 0, 0, 0, 0, 0, 0, 0, 0, 0, 0,
0, 0, 0, 0, 0, 0, 0, 0, 0, 0, 0, 0, 0, 0, 0, 0, 0, 0, 0, 0, 0, 0, 0, 0, 0, 0, 0, 0, 0, 0, 0, 0, 0, 0, 0,
0, 0, 0, 0, 0, 0, 0, 0, 0, 0, 0, 0, 0, 0, 0, 0, 0, 0, 0, 0, 0, 0, 0, 0, 0, 0, 0, 0, 0, 0, 0, 0, 0, 0, 0,
0, 0, 0, 0, 0, 0, 0, 0, 0, 0, 0, 0, 0, 0, 0, 0, 0, 0, 0, 0, 0, 0, 0, 0, 0, 0, 0, 0, 0, 0, 0, 0, 0, 0, 0,
0, 0, 0, 0, 0, 0, 0, 0, 0, 0, 0, 0, 0, 0, 0, 0, 0, 0, 0, 0, 0, 0, 0, 0, 0, 0, 0, 0, 0, 0, 0, 0, 0, 0, 0,
0, 0, 0, 0, 0, 0, 0, 0, 0, 0, 0, 0, 0, 0, 0, 0, 0, 0, 0, 0, 0, 0, 0, 0, 0, 0, 0, 0, 0, 0, 0, 0, 0, 0, 0,
0, 0, 0, 
print model ok!
