start rec...
get noise again...
speeking...
frm_num=71
-66, 45, 33, 45, 39, 45, 42, 45, 44, 46, 43, 43, 184, 81, 93, 62, 56, -33, -83, -10, -18, -11, -44, -15, 214, 91, 80, 43, 2, -57, 0, 81, -22, -65, -27,
-4, 231, 101, 59, 52, 27, -54, -12, 58, -33, 0, -44, -61, 262, 69, 17, 80, 57, -25, -46, 41, 2, -48, -11, -23, 258, 37, 37, 81, 68, 4, -26, 58, -22, -64,
-20, -19, 386, -55, -79, -18, -5, -33, 121, 51, -111, -68, 18, -8, 315, -174, -156, -59, 69, -62, 196, 65, -137, -65, 10, 1, 269, -229, -125, -59, 155, -77, 143, 19, -151,
-11, -8, -26, 231, -203, -112, -19, 203, 3, 53, -12, -146, -65, 10, -5, 206, -236, -93, -57, 177, 0, 27, -12, -94, -69, -10, -2, 182, -236, -89, -75, 203, 35, 19, -1,
-60, -46, -16, 24, 132, -276, -89, -96, 177, 31, -8, -23, -40, -18, -33, 13, 113, -325, -48, -160, 199, 75, 26, -37, 0, 21, -48, 41, 66, -371, -72, -209, 152, 99, 27,
-27, 56, 57, -35, 89, 167, -358, -10, -203, 151, 119, 11, -24, 0, -3, -54, 73, 148, -291, -24, -216, 128, 120, -40, -20, -39, -38, -38, 63, 162, -212, -9, -217, 107, 97,
7, -34, -20, 5, -49, 32, 215, -166, -4, -221, 62, 90, -23, -36, 25, -14, -63, 0, 175, -100, -43, -249, 74, 43, -12, -4, -5, 36, -63, -25, 192, -172, -44, -293, 34,
0, -29, 18, 49, 4, -102, -9, 190, -187, -53, -253, 45, 40, -4, 47, 67, 47, -82, -11, 216, -114, -45, -187, 97, 64, -49, 3, 34, -19, -21, -3, 270, -148, -14, -153,
74, 62, 0, 32, 36, -10, -21, -40, 243, -110, 16, -187, 69, 44, 36, 25, 58, -13, -129, -38, 286, -46, -41, -112, 71, 66, -15, 75, 28, -18, -100, -38, 268, -120, -43,
-109, 144, 72, 20, 41, -3, -35, -68, -36, 314, -175, -13, -88, -58, 12, 128, 21, -77, -40, -50, -27, 247, -225, -14, -63, -23, -40, 81, 62, -92, -15, -24, -39, 278, -207,
-123, -18, 71, -14, 45, 20, -118, -21, 2, 4, 234, -282, -100, -37, 55, 11, 44, 7, -104, -16, -10, 3, 158, -258, -97, -38, 43, 44, -11, 38, -89, -6, 2, 68, 133,
-315, -98, -117, 55, 23, 4, 37, -14, 0, 37, 79, 129, -326, -60, -158, 59, 66, 8, 33, -9, -6, -16, 73, 136, -227, -48, -135, 60, 113, -16, -43, -13, -19, -53, 66,
172, -238, -30, -162, 77, 116, -35, -30, -45, -26, -54, 44, 218, -234, -28, -150, 55, 111, -20, -31, -60, -25, -27, 61, 159, -155, 3, -154, 113, 51, -13, -56, -90, 22, 55,
93, 133, -207, -20, -212, 97, 57, -42, 11, -55, 32, 24, 112, 127, -189, -58, -252, 85, 45, -30, 42, 13, -10, -2, 107, 175, -103, -70, -283, 46, 55, -21, 31, -47, 15,
-27, 23, 196, -71, -12, -301, 39, 64, -42, 43, -32, -20, 12, 24, 183, -57, -29, -255, 19, 66, -37, 35, -34, -48, 29, 32, 160, -44, -68, -253, 78, 36, 60, 22, -63,
-42, 7, 31, 177, -93, -67, -222, 44, 56, 71, 51, -31, -43, 29, 33, 236, -95, -44, -226, 36, 56, 62, 91, 19, -71, 9, 12, 247, -52, -70, -170, 71, 32, 40, 114,
9, -58, -71, 15, 187, -79, -84, -117, 41, 83, -14, 79, -17, -17, -78, 45, 106, -11, -88, -139, 74, 111, 1, 48, -40, -37, -12, 73, -12, 0, -110, -85, 70, 153, 58,
115, -53, -27, -21, 53, 5, 12, -78, -87, -15, 102, 2, 102, -68, -9, -51, 35, 108, 67, -53, -134, 14, 46, -17, 68, -19, -10, -33, 44, 199, 72, -96, -130, -31, 20,
-7, 78, 40, -16, -152, 31, 201, -17, -63, -165, 20, 62, 37, 39, 20, -17, -145, 8, 145, -101, -81, -91, 50, 116, 22, 39, -33, -44, -124, -24, 174, -93, -83, -67, 47,
105, 6, -16, 0, -7, -98, 22, 184, -59, -48, -130, 89, 98, -9, -7, -14, 7, -62, 15, 203, -87, -107, -64, 85, 50, 34, 88, -26, -14, -84, -70, 191, -123, -77, -11,
34, 79, 36, 79, -48, -68, -85, -8, 217, -138, -67, -10, 30, 62, 57, 56, -55, -44, -61, -11, 169, -77, 8, -44, 29, 35, 64, 39, -57, 4, -49, -27, 180, -193, -33,
45, 27, 46, 14, 55, -36, 19, -18, -26, 82, -192, -55, -22, 41, 47, 86, 56, -56, 39, -67, -9, 109, -249, -78, -24, 31, 86, 50, 57, -1, 46, -1, 1, 103, -144,
22, -9, 51, 23, 91, 38, -79, -26, -21, 14, 225, -75, -71, 7, 103, 18, 37, 48, -17, -28, -59, 4, 215, -80, -30, -41, 86, 79, 47, 77, -26, -57, -54, -5, 195,
-126, -36, -3, 36, 21, 59, 67, -29, -2, -57, 3, 184, -126, -18, -4, 0, 5, 60, 48, -35, -2, 11, -4, 175, -76, -9, 43, 39, 27, 50, 35, -41, 19, -10, -15,
130, -105, 20, 27, 54, 21, -4, 32, -2, 0, 2, -31, 0, 0, 0, 0, 0, 0, 0, 0, 0, 0, 0, 0, 0, 0, 0, 0, 0, 0, 0, 0, 0, 0, 0,
0, 0, 0, 0, 0, 0, 0, 0, 0, 0, 0, 0, 0, 0, 0, 0, 0, 0, 0, 0, 0, 0, 0, 0, 0, 0, 0, 0, 0, 0, 0, 0, 0, 0, 0,
0, 0, 0, 0, 0, 0, 0, 0, 0, 0, 0, 0, 0, 0, 0, 0, 0, 0, 0, 0, 0, 0, 0, 0, 0, 0, 0, 0, 0, 0, 0, 0, 0, 0, 0,
0, 0, 0, 0, 0, 0, 0, 0, 0, 0, 0, 0, 0, 0, 0, 0, 0, 0, 0, 0, 0, 0, 0, 0, 0, 0, 0, 0, 0, 0, 0, 0, 0, 0, 0,
0, 0, 0, 0, 0, 0, 0, 0, 0, 0, 0, 0, 0, 0, 0, 0, 0, 0, 0, 0, 0, 0, 0, 0, 0, 0, 0, 0, 0, 0, 0, 0, 0, 0, 0,
0, 0, 0, 0, 0, 0, 0, 0, 0, 0, 0, 0, 0, 0, 0, 0, 0, 0, 0, 0, 0, 0, 0, 0, 0, 0, 0, 0, 0, 0, 0, 0, 0, 0, 0,
0, 0, 0, 0, 0, 0, 0, 0, 0, 0, 0, 0, 0, 0, 0, 0, 0, 0, 0, 0, 0, 0, 0, 0, 0, 0, 0, 0, 0, 0, 0, 0, 0, 0, 0,
0, 0, 0, 0, 0, 0, 0, 0, 0, 0, 0, 0, 0, 0, 0, 0, 0, 0, 0, 0, 0, 0, 0, 0, 0, 0, 0, 0, 0, 0, 0, 0, 0, 0, 0,
0, 0, 0, 0, 0, 0, 0, 0, 0, 0, 0, 0, 0, 0, 0, 0, 0, 0, 0, 0, 0, 0, 0, 0, 0, 0, 0, 0, 0, 0, 0, 0, 0, 0, 0,
0, 0, 0, 0, 0, 0, 0, 0, 0, 0, 0, 0, 0, 0, 0, 0, 0, 0, 0, 0, 0, 0, 0, 0, 0, 0, 0, 0, 0, 0, 0, 0, 0, 0, 0,
0, 0, 0, 0, 0, 0, 0, 0, 0, 0, 0, 0, 0, 0, 0, 0, 0, 0, 0, 0, 0, 0, 0, 0, 0, 0, 0, 0, 0, 0, 0, 0, 0, 0, 0,
0, 0, 0, 0, 0, 0, 0, 0, 0, 0, 0, 0, 0, 0, 0, 0, 0, 0, 0, 0, 0, 0, 0, 0, 0, 0, 0, 0, 0, 0, 0, 0, 0, 0, 0,
0, 0, 0, 0, 0, 0, 0, 0, 0, 0, 0, 0, 0, 0, 0, 0, 0, 0, 0, 0, 0, 0, 0, 0, 0, 0, 0, 0, 0, 0, 0, 0, 0, 0, 0,
0, 0, 0, 0, 0, 0, 0, 0, 0, 0, 0, 0, 0, 0, 0, 0, 0, 0, 0, 0, 0, 0, 0, 0, 0, 0, 0, 0, 0, 0, 0, 0, 0, 0, 0,
0, 0, 0, 0, 0, 0, 0, 0, 0, 0, 0, 0, 0, 0, 0, 0, 0, 0, 0, 0, 0, 0, 0, 0, 0, 0, 0, 0, 0, 0, 0, 0, 0, 0, 0,
0, 0, 0, 0, 0, 0, 0, 0, 0, 0, 0, 0, 0, 0, 0, 0, 0, 0, 0, 0, 0, 0, 0, 0, 0, 0, 0, 0, 0, 0, 0, 0, 0, 0, 0,
0, 0, 0, 0, 0, 0, 0, 0, 0, 0, 0, 0, 0, 0, 0, 0, 0, 0, 0, 0, 0, 0, 0, 0, 0, 0, 0, 0, 0, 0, 0, 0, 0, 0, 0,
0, 0, 0, 0, 0, 0, 0, 0, 0, 0, 0, 0, 0, 0, 0, 0, 0, 0, 0, 0, 0, 0, 0, 0, 0, 0, 0, 0, 0, 0, 0, 0, 0, 0, 0,
0, 0, 0, 0, 0, 0, 0, 0, 0, 0, 0, 0, 0, 0, 0, 0, 0, 0, 0, 0, 0, 0, 0, 0, 0, 0, 0, 0, 0, 0, 0, 0, 0, 0, 0,
0, 0, 0, 0, 0, 0, 0, 0, 0, 0, 0, 0, 0, 0, 0, 0, 0, 0, 0, 0, 0, 0, 0, 0, 0, 0, 0, 0, 0, 0, 0, 0, 0, 0, 0,
0, 0, 0, 0, 0, 0, 0, 0, 0, 0, 0, 0, 0, 0, 0, 0, 0, 0, 0, 0, 0, 0, 0, 0, 0, 0, 0, 0, 0, 0, 0, 0, 0, 0, 0,
0, 0, 0, 0, 0, 0, 0, 0, 0, 0, 0, 0, 0, 0, 0, 0, 0, 0, 0, 0, 0, 0, 0, 0, 0, 0, 0, 0, 0, 0, 0, 0, 0, 0, 0,
0, 0, 0, 0, 0, 0, 0, 0, 0, 0, 0, 0, 0, 0, 0, 0, 0, 0, 0, 0, 0, 0, 0, 0, 0, 0, 0, 0, 0, 0, 0, 0, 0, 0, 0,
0, 0, 0, 0, 0, 0, 0, 0, 0, 0, 0, 0, 0, 0, 0, 0, 0, 0, 0, 0, 0, 0, 0, 0, 0, 0, 0, 0, 0, 0, 0, 0, 0, 0, 0,
0, 0, 0, 0, 0, 0, 0, 0, 0, 0, 0, 0, 0, 0, 0, 0, 0, 0, 0, 0, 0, 0, 0, 0, 0, 0, 0, 0, 0, 0, 0, 0, 0, 0, 0,
0, 0, 0, 0, 0, 0, 0, 0, 0, 0, 0, 0, 0, 0, 0, 0, 0, 0, 0, 0, 0, 0, 0, 0, 0, 0, 0, 0, 0, 0, 0, 0, 0, 0, 0,
0, 0, 0, 0, 0, 0, 0, 0, 0, 0, 0, 0, 0, 0, 0, 0, 0, 0, 0, 0, 0, 0, 0, 0, 0, 0, 0, 0, 0, 0, 0, 0, 0, 0, 0,
0, 0, 0, 0, 0, 0, 0, 0, 0, 0, 0, 0, 0, 0, 0, 0, 0, 0, 0, 0, 0, 0, 0, 0, 0, 0, 0, 0, 0, 0, 0, 0, 0, 0, 0,
0, 0, 0, 0, 0, 0, 0, 0, 0, 0, 0, 0, 0, 0, 0, 0, 0, 0, 0, 0, 0, 0, 0, 0, 0, 0, 0, 0, 0, 0, 0, 0, 0, 0, 0,
0, 0, 0, 0, 0, 0, 0, 0, 0, 0, 0, 0, 0, 0, 0, 0, 0, 0, 0, 0, 0, 0, 0, 0, 0, 0, 0, 0, 0, 0, 0, 0, 0, 0, 0,
0, 0, 0, 0, 0, 0, 0, 0, 0, 0, 0, 0, 0, 0, 0, 0, 0, 0, 0, 0, 0, 0, 0, 0, 0, 0, 0, 0, 0, 0, 0, 0, 0, 0, 0,
0, 0, 0, 0, 0, 0, 0, 0, 0, 0, 0, 0, 0, 0, 0, 0, 0, 0, 0, 0, 0, 0, 0, 0, 0, 0, 0, 0, 0, 0, 0, 0, 0, 0, 0,
0, 0, 0, 0, 0, 0, 0, 0, 0, 0, 0, 0, 0, 0, 0, 0, 0, 0, 0, 0, 0, 0, 0, 0, 0, 0, 0, 0, 0, 0, 0, 0, 0, 0, 0,
0, 0, 0, 0, 0, 0, 0, 0, 0, 0, 0, 0, 0, 0, 0, 0, 0, 0, 0, 0, 0, 0, 0, 0, 0, 0, 0, 0, 0, 0, 0, 0, 0, 0, 0,
0, 0, 0, 0, 0, 0, 0, 0, 0, 0, 0, 0, 0, 0, 0, 0, 0, 0, 0, 0, 0, 0, 0, 0, 0, 0, 0, 0, 0, 0, 0, 0, 0, 0, 0,
0, 0, 0, 0, 0, 0, 0, 0, 0, 0, 0, 0, 0, 0, 0, 0, 0, 0, 0, 0, 0, 0, 0, 0, 0, 0, 0, 0, 0, 0, 0, 0, 0, 0, 0,
0, 0, 0, 0, 0, 0, 0, 0, 0, 0, 0, 0, 0, 0, 0, 0, 0, 0, 0, 0, 0, 0, 0, 0, 0, 0, 0, 0, 0, 0, 0, 0, 0, 0, 0,
0, 0, 0, 0, 0, 0, 0, 0, 0, 0, 0, 0, 0, 0, 0, 0, 0, 0, 0, 0, 0, 0, 0, 0, 0, 0, 0, 0, 0, 0, 0, 0, 0, 0, 0,
0, 0, 0, 0, 0, 0, 0, 0, 0, 0, 0, 0, 0, 0, 0, 0, 0, 0, 0, 0, 0, 0, 0, 0, 0, 0, 0, 0, 0, 0, 0, 0, 0, 0, 0,
0, 0, 0, 0, 0, 0, 0, 0, 0, 0, 0, 0, 0, 0, 0, 0, 0, 0, 0, 0, 0, 0, 0, 0, 0, 0, 0, 0, 0, 0, 0, 0, 0, 0, 0,
0, 0, 0, 0, 0, 0, 0, 0, 0, 0, 0, 0, 0, 0, 0, 0, 0, 0, 0, 0, 0, 0, 0, 0, 0, 0, 0, 0, 0, 0, 0, 0, 0, 0, 0,
0, 0, 0, 0, 0, 0, 0, 0, 0, 0, 0, 0, 0, 0, 0, 0, 0, 0, 0, 0, 0, 0, 0, 0, 0, 0, 0, 0, 0, 0, 0, 0, 0, 0, 0,
0, 0, 0, 0, 0, 0, 0, 0, 0, 0, 0, 0, 0, 0, 0, 0, 0, 0, 0, 0, 0, 0, 0, 0, 0, 0, 0, 0, 0, 0, 0, 0, 0, 0, 0,
0, 0, 0, 0, 0, 0, 0, 0, 0, 0, 0, 0, 0, 0, 0, 0, 0, 0, 0, 0, 0, 0, 0, 0, 0, 0, 0, 0, 0, 0, 0, 0, 0, 0, 0,
0, 0, 0, 0, 0, 0, 0, 0, 0, 0, 0, 0, 0, 0, 0, 0, 0, 0, 0, 0, 0, 0, 0, 0, 0, 0, 0, 0, 0, 0, 0, 0, 0, 0, 0,
0, 0, 0, 0, 0, 0, 0, 0, 0, 0, 0, 0, 0, 0, 0, 0, 0, 0, 0, 0, 0, 0, 0, 0, 0, 0, 0, 0, 0, 0, 0, 0, 0, 0, 0,
0, 0, 0, 0, 0, 0, 0, 0, 0, 0, 0, 0, 0, 0, 0, 0, 0, 0, 0, 0, 0, 0, 0, 0, 0, 0, 0, 0, 0, 0, 0, 0, 0, 0, 0,
0, 0, 0, 0, 0, 0, 0, 0, 0, 0, 0, 0, 0, 0, 0, 0, 0, 0, 0, 0, 0, 0, 0, 0, 0, 0, 0, 0, 0, 0, 0, 0, 0, 0, 0,
0, 0, 0, 0, 0, 0, 0, 0, 0, 0, 0, 0, 0, 0, 0, 0, 0, 0, 0, 0, 0, 0, 0, 0, 0, 0, 0, 0, 0, 0, 0, 0, 0, 0, 0,
0, 0, 0, 0, 0, 0, 0, 0, 0, 0, 0, 0, 0, 0, 0, 0, 0, 0, 0, 0, 0, 0, 0, 0, 0, 0, 0, 0, 0, 0, 0, 0, 0, 0, 0,
0, 0, 0, 0, 0, 0, 0, 0, 0, 0, 0, 0, 0, 0, 0, 0, 0, 0, 0, 0, 0, 0, 0, 0, 0, 0, 0, 0, 0, 0, 0, 0, 0, 0, 0,
0, 0, 0, 
print model ok!

start rec...
get noise again...
speeking...
frm_num=61
-63, 48, 36, 49, 43, 48, 45, 48, 47, 48, 45, 45, 122, 33, 69, 125, 89, -8, -51, 36, 9, -14, -4, 30, 171, 44, 98, 111, 64, -19, -52, 37, 3, 9, 10,
-14, 175, 32, 65, 130, 102, -60, -70, 42, -5, -79, 0, 19, 372, -152, -105, 11, 29, -118, 59, 128, -16, -64, 15, 1, 282, -210, -84, -88, 40, -120, 132, 111, -108, -2,
-14, -2, 202, -165, -28, -115, 68, -87, 136, 63, -94, 29, -14, -6, 193, -257, -81, -100, 114, -50, 81, 2, -78, 29, 5, -5, 192, -289, -58, -84, 108, -22, 66, 33, -48,
33, -7, 2, 186, -285, -59, -99, 108, -6, 34, -7, 2, 24, -7, 48, 112, -283, -19, -147, 101, 47, 6, 12, 2, 25, 18, 18, 69, -269, -76, -260, 51, 39, 23, -30,
11, 41, -32, 44, 100, -292, -53, -206, 85, 58, 43, 41, -3, 32, 41, 38, 136, -267, -54, -189, 87, 35, 40, 7, -65, 31, -38, 40, 158, -259, -44, -196, 137, 58, -22,
-1, -6, -20, -43, 59, 148, -223, -44, -210, 151, 45, -7, 19, -31, -9, -67, 73, 194, -137, -71, -266, 100, 40, 54, -17, -13, 21, -60, 55, 152, -229, -43, -196, 33, -3,
47, 67, 26, -31, -12, 59, 94, -169, 34, -129, 92, 0, -4, 47, 61, 12, -32, 40, 116, -163, -30, -56, 161, 49, 22, 43, -10, 4, -47, 39, 189, -136, -37, -41, 164,
25, 6, 32, -19, -14, -73, 20, 187, -135, -17, -78, 157, 48, 17, 92, 9, -35, -92, -27, 176, -107, 35, -65, 70, 101, 53, 26, -15, -23, -49, -31, 269, -157, 2, -150,
-56, 13, 146, 70, -55, -41, -33, -59, 285, -217, -73, -150, 44, -3, 97, 57, -82, 6, -9, -57, 259, -229, -79, -134, 24, 33, 107, -4, -61, 13, 4, -35, 203, -265, -75,
-142, 38, 50, 74, 12, -77, -8, -20, -5, 211, -272, -126, -112, 91, 50, 30, -16, -60, -1, 11, 28, 167, -341, -151, -182, 76, 91, 71, -4, -9, 13, 18, 40, 178, -280,
-158, -160, 57, 104, 53, 26, -23, 25, 10, 56, 261, -262, -134, -130, 74, 123, 19, -7, -9, -10, -52, 23, 262, -242, -142, -116, 89, 79, 21, 1, -1, -49, -32, 30, 257,
-225, -120, -130, 76, 73, 29, -37, -1, -37, -38, 78, 229, -199, -108, -204, 126, 62, -28, 27, -16, -37, -13, 78, 182, -204, -101, -218, 31, 82, 29, 18, 20, -21, 15, 73,
194, -142, -76, -266, -3, 76, 29, 20, 18, -30, 4, 43, 275, -130, -98, -226, 13, 33, 8, 26, 0, -11, -12, 24, 244, -157, -86, -179, -2, -11, 14, 16, -25, -39, -12,
20, 124, -169, -31, -113, 54, 101, 71, 30, 42, 0, -21, 46, 70, -171, -78, -83, 137, 118, 42, 8, 47, -11, -15, 49, 149, -106, -71, -119, 87, 87, -16, 22, 28, -47,
-52, -11, 135, -49, -23, -98, 50, 133, -31, 54, 3, 14, -62, 3, 136, -11, -110, -96, -10, 110, 16, 77, -25, 23, -57, 12, 75, -6, -167, -83, 70, 99, 1, 46, 35,
26, -90, -4, 123, -8, -97, -131, 38, 81, -13, 38, 0, 27, -40, 12, 186, 61, -127, -160, 9, 47, -23, 54, 30, -3, -57, 42, 202, -9, -116, -205, -42, 45, 79, 78,
8, -29, -82, 76, 138, -58, -98, -149, -62, 39, 62, 107, 7, -17, -82, 71, 140, -101, -83, -69, -26, -1, 26, 96, 57, -7, -56, 34, 117, -160, -50, -52, 22, 24, -19,
61, -19, 33, -24, 5, 130, -146, -87, -9, 57, 87, 5, 5, -64, 17, -51, 18, 151, -220, -118, 51, 95, 152, 35, 37, -57, -69, -110, -61, 98, -194, 0, 74, 70, 50,
61, 25, -111, 28, -19, -52, 157, -216, -62, -27, 59, 145, 106, 35, -62, -17, -53, -18, 152, -219, -146, -30, 65, 97, 94, 86, -11, 10, -28, -42, 110, -220, -91, -25, 150,
71, 72, 69, -27, 50, 15, -19, 138, -206, -137, -59, 114, 72, 75, -15, 5, 40, 44, 8, 143, -190, -71, -52, 98, 43, 76, 45, -41, 51, 5, -26, 194, -146, -42, -44,
69, 79, 20, 17, 18, 10, -51, -11, 156, -87, 19, -31, 40, 92, 13, 19, 15, -19, -85, -14, 197, -161, 18, -1, 42, 51, 36, 20, 16, 38, -28, -12, 0, 0, 0,
0, 0, 0, 0, 0, 0, 0, 0, 0, 0, 0, 0, 0, 0, 0, 0, 0, 0, 0, 0, 0, 0, 0, 0, 0, 0, 0, 0, 0, 0, 0, 0, 0, 0, 0,
0, 0, 0, 0, 0, 0, 0, 0, 0, 0, 0, 0, 0, 0, 0, 0, 0, 0, 0, 0, 0, 0, 0, 0, 0, 0, 0, 0, 0, 0, 0, 0, 0, 0, 0,
0, 0, 0, 0, 0, 0, 0, 0, 0, 0, 0, 0, 0, 0, 0, 0, 0, 0, 0, 0, 0, 0, 0, 0, 0, 0, 0, 0, 0, 0, 0, 0, 0, 0, 0,
0, 0, 0, 0, 0, 0, 0, 0, 0, 0, 0, 0, 0, 0, 0, 0, 0, 0, 0, 0, 0, 0, 0, 0, 0, 0, 0, 0, 0, 0, 0, 0, 0, 0, 0,
0, 0, 0, 0, 0, 0, 0, 0, 0, 0, 0, 0, 0, 0, 0, 0, 0, 0, 0, 0, 0, 0, 0, 0, 0, 0, 0, 0, 0, 0, 0, 0, 0, 0, 0,
0, 0, 0, 0, 0, 0, 0, 0, 0, 0, 0, 0, 0, 0, 0, 0, 0, 0, 0, 0, 0, 0, 0, 0, 0, 0, 0, 0, 0, 0, 0, 0, 0, 0, 0,
0, 0, 0, 0, 0, 0, 0, 0, 0, 0, 0, 0, 0, 0, 0, 0, 0, 0, 0, 0, 0, 0, 0, 0, 0, 0, 0, 0, 0, 0, 0, 0, 0, 0, 0,
0, 0, 0, 0, 0, 0, 0, 0, 0, 0, 0, 0, 0, 0, 0, 0, 0, 0, 0, 0, 0, 0, 0, 0, 0, 0, 0, 0, 0, 0, 0, 0, 0, 0, 0,
0, 0, 0, 0, 0, 0, 0, 0, 0, 0, 0, 0, 0, 0, 0, 0, 0, 0, 0, 0, 0, 0, 0, 0, 0, 0, 0, 0, 0, 0, 0, 0, 0, 0, 0,
0, 0, 0, 0, 0, 0, 0, 0, 0, 0, 0, 0, 0, 0, 0, 0, 0, 0, 0, 0, 0, 0, 0, 0, 0, 0, 0, 0, 0, 0, 0, 0, 0, 0, 0,
0, 0, 0, 0, 0, 0, 0, 0, 0, 0, 0, 0, 0, 0, 0, 0, 0, 0, 0, 0, 0, 0, 0, 0, 0, 0, 0, 0, 0, 0, 0, 0, 0, 0, 0,
0, 0, 0, 0, 0, 0, 0, 0, 0, 0, 0, 0, 0, 0, 0, 0, 0, 0, 0, 0, 0, 0, 0, 0, 0, 0, 0, 0, 0, 0, 0, 0, 0, 0, 0,
0, 0, 0, 0, 0, 0, 0, 0, 0, 0, 0, 0, 0, 0, 0, 0, 0, 0, 0, 0, 0, 0, 0, 0, 0, 0, 0, 0, 0, 0, 0, 0, 0, 0, 0,
0, 0, 0, 0, 0, 0, 0, 0, 0, 0, 0, 0, 0, 0, 0, 0, 0, 0, 0, 0, 0, 0, 0, 0, 0, 0, 0, 0, 0, 0, 0, 0, 0, 0, 0,
0, 0, 0, 0, 0, 0, 0, 0, 0, 0, 0, 0, 0, 0, 0, 0, 0, 0, 0, 0, 0, 0, 0, 0, 0, 0, 0, 0, 0, 0, 0, 0, 0, 0, 0,
0, 0, 0, 0, 0, 0, 0, 0, 0, 0, 0, 0, 0, 0, 0, 0, 0, 0, 0, 0, 0, 0, 0, 0, 0, 0, 0, 0, 0, 0, 0, 0, 0, 0, 0,
0, 0, 0, 0, 0, 0, 0, 0, 0, 0, 0, 0, 0, 0, 0, 0, 0, 0, 0, 0, 0, 0, 0, 0, 0, 0, 0, 0, 0, 0, 0, 0, 0, 0, 0,
0, 0, 0, 0, 0, 0, 0, 0, 0, 0, 0, 0, 0, 0, 0, 0, 0, 0, 0, 0, 0, 0, 0, 0, 0, 0, 0, 0, 0, 0, 0, 0, 0, 0, 0,
0, 0, 0, 0, 0, 0, 0, 0, 0, 0, 0, 0, 0, 0, 0, 0, 0, 0, 0, 0, 0, 0, 0, 0, 0, 0, 0, 0, 0, 0, 0, 0, 0, 0, 0,
0, 0, 0, 0, 0, 0, 0, 0, 0, 0, 0, 0, 0, 0, 0, 0, 0, 0, 0, 0, 0, 0, 0, 0, 0, 0, 0, 0, 0, 0, 0, 0, 0, 0, 0,
0, 0, 0, 0, 0, 0, 0, 0, 0, 0, 0, 0, 0, 0, 0, 0, 0, 0, 0, 0, 0, 0, 0, 0, 0, 0, 0, 0, 0, 0, 0, 0, 0, 0, 0,
0, 0, 0, 0, 0, 0, 0, 0, 0, 0, 0, 0, 0, 0, 0, 0, 0, 0, 0, 0, 0, 0, 0, 0, 0, 0, 0, 0, 0, 0, 0, 0, 0, 0, 0,
0, 0, 0, 0, 0, 0, 0, 0, 0, 0, 0, 0, 0, 0, 0, 0, 0, 0, 0, 0, 0, 0, 0, 0, 0, 0, 0, 0, 0, 0, 0, 0, 0, 0, 0,
0, 0, 0, 0, 0, 0, 0, 0, 0, 0, 0, 0, 0, 0, 0, 0, 0, 0, 0, 0, 0, 0, 0, 0, 0, 0, 0, 0, 0, 0, 0, 0, 0, 0, 0,
0, 0, 0, 0, 0, 0, 0, 0, 0, 0, 0, 0, 0, 0, 0, 0, 0, 0, 0, 0, 0, 0, 0, 0, 0, 0, 0, 0, 0, 0, 0, 0, 0, 0, 0,
0, 0, 0, 0, 0, 0, 0, 0, 0, 0, 0, 0, 0, 0, 0, 0, 0, 0, 0, 0, 0, 0, 0, 0, 0, 0, 0, 0, 0, 0, 0, 0, 0, 0, 0,
0, 0, 0, 0, 0, 0, 0, 0, 0, 0, 0, 0, 0, 0, 0, 0, 0, 0, 0, 0, 0, 0, 0, 0, 0, 0, 0, 0, 0, 0, 0, 0, 0, 0, 0,
0, 0, 0, 0, 0, 0, 0, 0, 0, 0, 0, 0, 0, 0, 0, 0, 0, 0, 0, 0, 0, 0, 0, 0, 0, 0, 0, 0, 0, 0, 0, 0, 0, 0, 0,
0, 0, 0, 0, 0, 0, 0, 0, 0, 0, 0, 0, 0, 0, 0, 0, 0, 0, 0, 0, 0, 0, 0, 0, 0, 0, 0, 0, 0, 0, 0, 0, 0, 0, 0,
0, 0, 0, 0, 0, 0, 0, 0, 0, 0, 0, 0, 0, 0, 0, 0, 0, 0, 0, 0, 0, 0, 0, 0, 0, 0, 0, 0, 0, 0, 0, 0, 0, 0, 0,
0, 0, 0, 0, 0, 0, 0, 0, 0, 0, 0, 0, 0, 0, 0, 0, 0, 0, 0, 0, 0, 0, 0, 0, 0, 0, 0, 0, 0, 0, 0, 0, 0, 0, 0,
0, 0, 0, 0, 0, 0, 0, 0, 0, 0, 0, 0, 0, 0, 0, 0, 0, 0, 0, 0, 0, 0, 0, 0, 0, 0, 0, 0, 0, 0, 0, 0, 0, 0, 0,
0, 0, 0, 0, 0, 0, 0, 0, 0, 0, 0, 0, 0, 0, 0, 0, 0, 0, 0, 0, 0, 0, 0, 0, 0, 0, 0, 0, 0, 0, 0, 0, 0, 0, 0,
0, 0, 0, 0, 0, 0, 0, 0, 0, 0, 0, 0, 0, 0, 0, 0, 0, 0, 0, 0, 0, 0, 0, 0, 0, 0, 0, 0, 0, 0, 0, 0, 0, 0, 0,
0, 0, 0, 0, 0, 0, 0, 0, 0, 0, 0, 0, 0, 0, 0, 0, 0, 0, 0, 0, 0, 0, 0, 0, 0, 0, 0, 0, 0, 0, 0, 0, 0, 0, 0,
0, 0, 0, 0, 0, 0, 0, 0, 0, 0, 0, 0, 0, 0, 0, 0, 0, 0, 0, 0, 0, 0, 0, 0, 0, 0, 0, 0, 0, 0, 0, 0, 0, 0, 0,
0, 0, 0, 0, 0, 0, 0, 0, 0, 0, 0, 0, 0, 0, 0, 0, 0, 0, 0, 0, 0, 0, 0, 0, 0, 0, 0, 0, 0, 0, 0, 0, 0, 0, 0,
0, 0, 0, 0, 0, 0, 0, 0, 0, 0, 0, 0, 0, 0, 0, 0, 0, 0, 0, 0, 0, 0, 0, 0, 0, 0, 0, 0, 0, 0, 0, 0, 0, 0, 0,
0, 0, 0, 0, 0, 0, 0, 0, 0, 0, 0, 0, 0, 0, 0, 0, 0, 0, 0, 0, 0, 0, 0, 0, 0, 0, 0, 0, 0, 0, 0, 0, 0, 0, 0,
0, 0, 0, 0, 0, 0, 0, 0, 0, 0, 0, 0, 0, 0, 0, 0, 0, 0, 0, 0, 0, 0, 0, 0, 0, 0, 0, 0, 0, 0, 0, 0, 0, 0, 0,
0, 0, 0, 0, 0, 0, 0, 0, 0, 0, 0, 0, 0, 0, 0, 0, 0, 0, 0, 0, 0, 0, 0, 0, 0, 0, 0, 0, 0, 0, 0, 0, 0, 0, 0,
0, 0, 0, 0, 0, 0, 0, 0, 0, 0, 0, 0, 0, 0, 0, 0, 0, 0, 0, 0, 0, 0, 0, 0, 0, 0, 0, 0, 0, 0, 0, 0, 0, 0, 0,
0, 0, 0, 0, 0, 0, 0, 0, 0, 0, 0, 0, 0, 0, 0, 0, 0, 0, 0, 0, 0, 0, 0, 0, 0, 0, 0, 0, 0, 0, 0, 0, 0, 0, 0,
0, 0, 0, 0, 0, 0, 0, 0, 0, 0, 0, 0, 0, 0, 0, 0, 0, 0, 0, 0, 0, 0, 0, 0, 0, 0, 0, 0, 0, 0, 0, 0, 0, 0, 0,
0, 0, 0, 0, 0, 0, 0, 0, 0, 0, 0, 0, 0, 0, 0, 0, 0, 0, 0, 0, 0, 0, 0, 0, 0, 0, 0, 0, 0, 0, 0, 0, 0, 0, 0,
0, 0, 0, 0, 0, 0, 0, 0, 0, 0, 0, 0, 0, 0, 0, 0, 0, 0, 0, 0, 0, 0, 0, 0, 0, 0, 0, 0, 0, 0, 0, 0, 0, 0, 0,
0, 0, 0, 0, 0, 0, 0, 0, 0, 0, 0, 0, 0, 0, 0, 0, 0, 0, 0, 0, 0, 0, 0, 0, 0, 0, 0, 0, 0, 0, 0, 0, 0, 0, 0,
0, 0, 0, 0, 0, 0, 0, 0, 0, 0, 0, 0, 0, 0, 0, 0, 0, 0, 0, 0, 0, 0, 0, 0, 0, 0, 0, 0, 0, 0, 0, 0, 0, 0, 0,
0, 0, 0, 0, 0, 0, 0, 0, 0, 0, 0, 0, 0, 0, 0, 0, 0, 0, 0, 0, 0, 0, 0, 0, 0, 0, 0, 0, 0, 0, 0, 0, 0, 0, 0,
0, 0, 0, 0, 0, 0, 0, 0, 0, 0, 0, 0, 0, 0, 0, 0, 0, 0, 0, 0, 0, 0, 0, 0, 0, 0, 0, 0, 0, 0, 0, 0, 0, 0, 0,
0, 0, 0, 0, 0, 0, 0, 0, 0, 0, 0, 0, 0, 0, 0, 0, 0, 0, 0, 0, 0, 0, 0, 0, 0, 0, 0, 0, 0, 0, 0, 0, 0, 0, 0,
0, 0, 0, 0, 0, 0, 0, 0, 0, 0, 0, 0, 0, 0, 0, 0, 0, 0, 0, 0, 0, 0, 0, 0, 0, 0, 0, 0, 0, 0, 0, 0, 0, 0, 0,
0, 0, 0, 0, 0, 0, 0, 0, 0, 0, 0, 0, 0, 0, 0, 0, 0, 0, 0, 0, 0, 0, 0, 0, 0, 0, 0, 0, 0, 0, 0, 0, 0, 0, 0,
0, 0, 0, 0, 0, 0, 0, 0, 0, 0, 0, 0, 0, 0, 0, 0, 0, 0, 0, 0, 0, 0, 0, 0, 0, 0, 0, 0, 0, 0, 0, 0, 0, 0, 0,
0, 0, 0, 
print model ok!

start rec...
get noise again...
speeking...
frm_num=72
-74, 48, 35, 48, 41, 47, 44, 48, 47, 48, 45, 45, 214, 65, 86, 101, 55, -94, -84, 68, -23, -24, -18, -10, 150, 121, 104, 67, 83, -59, -52, 38, 1, -16, -48,
6, 209, 33, 92, 97, 33, -120, -75, 65, -11, -54, -10, -85, 238, 126, 85, 28, 70, -37, -51, 19, -2, -27, -9, -38, 283, 121, 38, 87, 39, -78, -11, 71, -30, -38,
-18, -30, 276, 60, 100, 101, -4, -43, -10, 76, -70, -90, 18, -12, 305, 67, 67, 87, 42, -48, -12, 47, -56, -73, 6, -17, 407, -117, -107, -45, 19, -52, 72, 77, -98,
-79, 21, 10, 290, -249, -66, -72, 78, 0, 128, 50, -191, -7, 22, 22, 259, -209, -80, -44, 148, -44, 94, 60, -169, 1, -35, -38, 258, -199, -100, -47, 124, 0, 120, 6,
-162, 24, -75, -26, 194, -225, -37, -33, 124, -37, 69, 22, -185, 9, -56, 1, 225, -253, -10, -15, 92, -28, 78, 4, -132, 35, -47, -29, 212, -213, -22, -78, 131, -7, 62,
-10, -120, 15, -73, -41, 174, -239, 15, -52, 81, 31, 46, 15, -115, -31, -66, -5, 183, -234, 7, -62, 38, 24, 29, 26, -98, -52, -53, 22, 177, -214, 1, -118, 85, 67,
35, 32, -63, -77, -54, 31, 148, -142, -39, -172, 90, 57, 31, 38, -116, -73, -42, 29, 102, -126, -37, -183, 90, 85, 25, 43, -87, -66, -28, 28, 117, -127, -9, -223, 53,
97, 20, 41, -42, -61, -43, 41, 182, -103, -38, -263, 35, 114, -18, 65, -46, -13, -20, 26, 141, -149, -48, -263, 49, 74, 32, 65, -43, -5, 9, 40, 95, -87, 63, -150,
88, 96, -5, 15, -86, -56, -16, 50, 147, -106, 76, -59, 128, 49, -22, -2, -70, -45, -29, 43, 246, -137, 83, -83, 68, 11, -14, 40, -6, -77, -40, 84, 233, -78, 45,
-44, 126, -1, 24, 29, -54, -77, -84, 87, 234, -48, 73, -106, 118, 32, 7, 20, -14, -83, -89, 63, 325, -85, 11, -79, 17, -45, 57, 45, -68, -82, -11, 57, 325, -173,
-79, -76, -7, -6, 165, -2, -188, 0, -2, -22, 287, -177, -72, -63, 80, 57, 12, -58, -101, -6, -24, 30, 270, -200, -102, -7, 44, 29, 35, -60, -157, -18, 0, 26, 231,
-234, -63, -85, 60, 40, 19, -54, -133, -14, -22, 48, 192, -252, -47, -165, 54, 57, 50, -33, -81, 11, -10, 76, 111, -347, -119, -129, 9, 124, 62, -53, -29, 43, 12, 139,
85, -228, -5, -179, 13, 173, 36, -104, -73, 2, 26, 153, 151, -199, -16, -164, 83, 121, -32, -91, -92, -19, 12, 112, 164, -126, -17, -151, 37, 117, -117, -8, -93, -42, 22,
49, 169, -128, -51, -174, 22, 72, -55, -7, -64, -8, -2, -7, 182, -212, -64, -205, -16, 67, -26, 42, -19, -29, 23, 34, 139, -148, -124, -256, 41, 100, -33, 48, -1, -46,
34, 52, 295, -122, -103, -245, 65, 39, 23, -12, -2, -59, -8, 64, 274, -41, -99, -245, -29, 88, -14, -45, -15, -76, 16, 34, 331, -92, -68, -268, 9, 88, -67, 0, -61,
-48, 41, 32, 233, -83, -66, -177, 52, 88, 0, -20, -43, -38, 33, 30, 288, -44, -47, -224, 34, 84, -41, 36, 41, -84, -14, 45, 272, -122, -49, -170, 28, 135, 15, 21,
40, -55, 15, 51, 242, -84, -82, -174, 80, 131, -52, 45, 9, -69, -28, 54, 170, 4, -149, -89, 64, 204, -78, 12, -53, -51, -24, 53, 111, 24, -141, -31, -51, 159, -33,
18, -82, -26, 4, 70, -24, 41, -136, -88, -65, 178, -32, 62, -14, -36, 21, 2, 92, 59, -105, -106, -98, 31, -53, 75, 36, -34, -3, 51, 212, 16, -147, -173, -48, 53,
-32, 42, 67, 14, -59, 34, 178, -18, -139, -242, 8, 61, -6, 52, 45, -63, -77, 62, 131, -95, -165, -127, 21, 108, 27, 29, 3, -25, -54, 52, 102, -199, -151, -117, 65,
140, 48, 33, -39, -11, -104, -8, 152, -207, -116, -134, 38, 99, -4, -10, -33, 41, -46, 6, 177, -190, -106, -108, 53, 101, -21, 33, -22, 10, -31, 14, 173, -125, -89, -112,
49, 74, 53, 55, -15, -10, -48, -19, 181, -157, -75, -65, 0, 49, 100, 41, -94, -24, -54, -1, 155, -127, 7, -30, -27, 12, 83, 44, -70, -4, -26, -23, 145, -186, -43,
-31, 37, 0, 82, 57, -66, 27, -49, -3, 125, -182, -43, -89, -39, 60, 39, 17, -42, 15, -2, 0, 101, -220, -123, -46, 58, 36, 18, -20, -24, 21, 9, 35, 114, -239,
-99, -99, -37, 57, 69, 36, 1, 17, 3, 63, 115, -204, -29, -55, 35, 115, 75, -7, -75, -15, 2, 10, 162, -160, -46, -50, 63, 131, 86, 3, -72, 12, -33, -9, 181,
-136, 1, -18, 15, 108, 78, 10, -47, 44, 6, -16, 103, -149, 21, -49, 79, 147, 67, -25, -58, -45, 10, 14, 139, -169, -66, -46, 62, 87, 26, 22, -50, 3, 74, 89,
82, -167, -97, -64, 77, 98, 66, 28, -36, 38, 19, 68, 100, -131, -105, -97, 68, 57, 13, 59, 9, 72, 84, 43, 0, 0, 0, 0, 0, 0, 0, 0, 0, 0, 0,
0, 0, 0, 0, 0, 0, 0, 0, 0, 0, 0, 0, 0, 0, 0, 0, 0, 0, 0, 0, 0, 0, 0, 0, 0, 0, 0, 0, 0, 0, 0, 0, 0, 0, 0,
0, 0, 0, 0, 0, 0, 0, 0, 0, 0, 0, 0, 0, 0, 0, 0, 0, 0, 0, 0, 0, 0, 0, 0, 0, 0, 0, 0, 0, 0, 0, 0, 0, 0, 0,
0, 0, 0, 0, 0, 0, 0, 0, 0, 0, 0, 0, 0, 0, 0, 0, 0, 0, 0, 0, 0, 0, 0, 0, 0, 0, 0, 0, 0, 0, 0, 0, 0, 0, 0,
0, 0, 0, 0, 0, 0, 0, 0, 0, 0, 0, 0, 0, 0, 0, 0, 0, 0, 0, 0, 0, 0, 0, 0, 0, 0, 0, 0, 0, 0, 0, 0, 0, 0, 0,
0, 0, 0, 0, 0, 0, 0, 0, 0, 0, 0, 0, 0, 0, 0, 0, 0, 0, 0, 0, 0, 0, 0, 0, 0, 0, 0, 0, 0, 0, 0, 0, 0, 0, 0,
0, 0, 0, 0, 0, 0, 0, 0, 0, 0, 0, 0, 0, 0, 0, 0, 0, 0, 0, 0, 0, 0, 0, 0, 0, 0, 0, 0, 0, 0, 0, 0, 0, 0, 0,
0, 0, 0, 0, 0, 0, 0, 0, 0, 0, 0, 0, 0, 0, 0, 0, 0, 0, 0, 0, 0, 0, 0, 0, 0, 0, 0, 0, 0, 0, 0, 0, 0, 0, 0,
0, 0, 0, 0, 0, 0, 0, 0, 0, 0, 0, 0, 0, 0, 0, 0, 0, 0, 0, 0, 0, 0, 0, 0, 0, 0, 0, 0, 0, 0, 0, 0, 0, 0, 0,
0, 0, 0, 0, 0, 0, 0, 0, 0, 0, 0, 0, 0, 0, 0, 0, 0, 0, 0, 0, 0, 0, 0, 0, 0, 0, 0, 0, 0, 0, 0, 0, 0, 0, 0,
0, 0, 0, 0, 0, 0, 0, 0, 0, 0, 0, 0, 0, 0, 0, 0, 0, 0, 0, 0, 0, 0, 0, 0, 0, 0, 0, 0, 0, 0, 0, 0, 0, 0, 0,
0, 0, 0, 0, 0, 0, 0, 0, 0, 0, 0, 0, 0, 0, 0, 0, 0, 0, 0, 0, 0, 0, 0, 0, 0, 0, 0, 0, 0, 0, 0, 0, 0, 0, 0,
0, 0, 0, 0, 0, 0, 0, 0, 0, 0, 0, 0, 0, 0, 0, 0, 0, 0, 0, 0, 0, 0, 0, 0, 0, 0, 0, 0, 0, 0, 0, 0, 0, 0, 0,
0, 0, 0, 0, 0, 0, 0, 0, 0, 0, 0, 0, 0, 0, 0, 0, 0, 0, 0, 0, 0, 0, 0, 0, 0, 0, 0, 0, 0, 0, 0, 0, 0, 0, 0,
0, 0, 0, 0, 0, 0, 0, 0, 0, 0, 0, 0, 0, 0, 0, 0, 0, 0, 0, 0, 0, 0, 0, 0, 0, 0, 0, 0, 0, 0, 0, 0, 0, 0, 0,
0, 0, 0, 0, 0, 0, 0, 0, 0, 0, 0, 0, 0, 0, 0, 0, 0, 0, 0, 0, 0, 0, 0, 0, 0, 0, 0, 0, 0, 0, 0, 0, 0, 0, 0,
0, 0, 0, 0, 0, 0, 0, 0, 0, 0, 0, 0, 0, 0, 0, 0, 0, 0, 0, 0, 0, 0, 0, 0, 0, 0, 0, 0, 0, 0, 0, 0, 0, 0, 0,
0, 0, 0, 0, 0, 0, 0, 0, 0, 0, 0, 0, 0, 0, 0, 0, 0, 0, 0, 0, 0, 0, 0, 0, 0, 0, 0, 0, 0, 0, 0, 0, 0, 0, 0,
0, 0, 0, 0, 0, 0, 0, 0, 0, 0, 0, 0, 0, 0, 0, 0, 0, 0, 0, 0, 0, 0, 0, 0, 0, 0, 0, 0, 0, 0, 0, 0, 0, 0, 0,
0, 0, 0, 0, 0, 0, 0, 0, 0, 0, 0, 0, 0, 0, 0, 0, 0, 0, 0, 0, 0, 0, 0, 0, 0, 0, 0, 0, 0, 0, 0, 0, 0, 0, 0,
0, 0, 0, 0, 0, 0, 0, 0, 0, 0, 0, 0, 0, 0, 0, 0, 0, 0, 0, 0, 0, 0, 0, 0, 0, 0, 0, 0, 0, 0, 0, 0, 0, 0, 0,
0, 0, 0, 0, 0, 0, 0, 0, 0, 0, 0, 0, 0, 0, 0, 0, 0, 0, 0, 0, 0, 0, 0, 0, 0, 0, 0, 0, 0, 0, 0, 0, 0, 0, 0,
0, 0, 0, 0, 0, 0, 0, 0, 0, 0, 0, 0, 0, 0, 0, 0, 0, 0, 0, 0, 0, 0, 0, 0, 0, 0, 0, 0, 0, 0, 0, 0, 0, 0, 0,
0, 0, 0, 0, 0, 0, 0, 0, 0, 0, 0, 0, 0, 0, 0, 0, 0, 0, 0, 0, 0, 0, 0, 0, 0, 0, 0, 0, 0, 0, 0, 0, 0, 0, 0,
0, 0, 0, 0, 0, 0, 0, 0, 0, 0, 0, 0, 0, 0, 0, 0, 0, 0, 0, 0, 0, 0, 0, 0, 0, 0, 0, 0, 0, 0, 0, 0, 0, 0, 0,
0, 0, 0, 0, 0, 0, 0, 0, 0, 0, 0, 0, 0, 0, 0, 0, 0, 0, 0, 0, 0, 0, 0, 0, 0, 0, 0, 0, 0, 0, 0, 0, 0, 0, 0,
0, 0, 0, 0, 0, 0, 0, 0, 0, 0, 0, 0, 0, 0, 0, 0, 0, 0, 0, 0, 0, 0, 0, 0, 0, 0, 0, 0, 0, 0, 0, 0, 0, 0, 0,
0, 0, 0, 0, 0, 0, 0, 0, 0, 0, 0, 0, 0, 0, 0, 0, 0, 0, 0, 0, 0, 0, 0, 0, 0, 0, 0, 0, 0, 0, 0, 0, 0, 0, 0,
0, 0, 0, 0, 0, 0, 0, 0, 0, 0, 0, 0, 0, 0, 0, 0, 0, 0, 0, 0, 0, 0, 0, 0, 0, 0, 0, 0, 0, 0, 0, 0, 0, 0, 0,
0, 0, 0, 0, 0, 0, 0, 0, 0, 0, 0, 0, 0, 0, 0, 0, 0, 0, 0, 0, 0, 0, 0, 0, 0, 0, 0, 0, 0, 0, 0, 0, 0, 0, 0,
0, 0, 0, 0, 0, 0, 0, 0, 0, 0, 0, 0, 0, 0, 0, 0, 0, 0, 0, 0, 0, 0, 0, 0, 0, 0, 0, 0, 0, 0, 0, 0, 0, 0, 0,
0, 0, 0, 0, 0, 0, 0, 0, 0, 0, 0, 0, 0, 0, 0, 0, 0, 0, 0, 0, 0, 0, 0, 0, 0, 0, 0, 0, 0, 0, 0, 0, 0, 0, 0,
0, 0, 0, 0, 0, 0, 0, 0, 0, 0, 0, 0, 0, 0, 0, 0, 0, 0, 0, 0, 0, 0, 0, 0, 0, 0, 0, 0, 0, 0, 0, 0, 0, 0, 0,
0, 0, 0, 0, 0, 0, 0, 0, 0, 0, 0, 0, 0, 0, 0, 0, 0, 0, 0, 0, 0, 0, 0, 0, 0, 0, 0, 0, 0, 0, 0, 0, 0, 0, 0,
0, 0, 0, 0, 0, 0, 0, 0, 0, 0, 0, 0, 0, 0, 0, 0, 0, 0, 0, 0, 0, 0, 0, 0, 0, 0, 0, 0, 0, 0, 0, 0, 0, 0, 0,
0, 0, 0, 0, 0, 0, 0, 0, 0, 0, 0, 0, 0, 0, 0, 0, 0, 0, 0, 0, 0, 0, 0, 0, 0, 0, 0, 0, 0, 0, 0, 0, 0, 0, 0,
0, 0, 0, 0, 0, 0, 0, 0, 0, 0, 0, 0, 0, 0, 0, 0, 0, 0, 0, 0, 0, 0, 0, 0, 0, 0, 0, 0, 0, 0, 0, 0, 0, 0, 0,
0, 0, 0, 0, 0, 0, 0, 0, 0, 0, 0, 0, 0, 0, 0, 0, 0, 0, 0, 0, 0, 0, 0, 0, 0, 0, 0, 0, 0, 0, 0, 0, 0, 0, 0,
0, 0, 0, 0, 0, 0, 0, 0, 0, 0, 0, 0, 0, 0, 0, 0, 0, 0, 0, 0, 0, 0, 0, 0, 0, 0, 0, 0, 0, 0, 0, 0, 0, 0, 0,
0, 0, 0, 0, 0, 0, 0, 0, 0, 0, 0, 0, 0, 0, 0, 0, 0, 0, 0, 0, 0, 0, 0, 0, 0, 0, 0, 0, 0, 0, 0, 0, 0, 0, 0,
0, 0, 0, 0, 0, 0, 0, 0, 0, 0, 0, 0, 0, 0, 0, 0, 0, 0, 0, 0, 0, 0, 0, 0, 0, 0, 0, 0, 0, 0, 0, 0, 0, 0, 0,
0, 0, 0, 0, 0, 0, 0, 0, 0, 0, 0, 0, 0, 0, 0, 0, 0, 0, 0, 0, 0, 0, 0, 0, 0, 0, 0, 0, 0, 0, 0, 0, 0, 0, 0,
0, 0, 0, 0, 0, 0, 0, 0, 0, 0, 0, 0, 0, 0, 0, 0, 0, 0, 0, 0, 0, 0, 0, 0, 0, 0, 0, 0, 0, 0, 0, 0, 0, 0, 0,
0, 0, 0, 0, 0, 0, 0, 0, 0, 0, 0, 0, 0, 0, 0, 0, 0, 0, 0, 0, 0, 0, 0, 0, 0, 0, 0, 0, 0, 0, 0, 0, 0, 0, 0,
0, 0, 0, 0, 0, 0, 0, 0, 0, 0, 0, 0, 0, 0, 0, 0, 0, 0, 0, 0, 0, 0, 0, 0, 0, 0, 0, 0, 0, 0, 0, 0, 0, 0, 0,
0, 0, 0, 0, 0, 0, 0, 0, 0, 0, 0, 0, 0, 0, 0, 0, 0, 0, 0, 0, 0, 0, 0, 0, 0, 0, 0, 0, 0, 0, 0, 0, 0, 0, 0,
0, 0, 0, 0, 0, 0, 0, 0, 0, 0, 0, 0, 0, 0, 0, 0, 0, 0, 0, 0, 0, 0, 0, 0, 0, 0, 0, 0, 0, 0, 0, 0, 0, 0, 0,
0, 0, 0, 0, 0, 0, 0, 0, 0, 0, 0, 0, 0, 0, 0, 0, 0, 0, 0, 0, 0, 0, 0, 0, 0, 0, 0, 0, 0, 0, 0, 0, 0, 0, 0,
0, 0, 0, 0, 0, 0, 0, 0, 0, 0, 0, 0, 0, 0, 0, 0, 0, 0, 0, 0, 0, 0, 0, 0, 0, 0, 0, 0, 0, 0, 0, 0, 0, 0, 0,
0, 0, 0, 0, 0, 0, 0, 0, 0, 0, 0, 0, 0, 0, 0, 0, 0, 0, 0, 0, 0, 0, 0, 0, 0, 0, 0, 0, 0, 0, 0, 0, 0, 0, 0,
0, 0, 0, 0, 0, 0, 0, 0, 0, 0, 0, 0, 0, 0, 0, 0, 0, 0, 0, 0, 0, 0, 0, 0, 0, 0, 0, 0, 0, 0, 0, 0, 0, 0, 0,
0, 0, 0, 
print model ok!

start rec...
get noise again...
speeking...
frm_num=66
-65, 51, 39, 50, 44, 50, 47, 50, 49, 50, 47, 47, 191, 71, 73, 49, 21, -95, -68, 36, -35, -106, -19, 16, 218, 72, 61, 7, 38, -79, -35, 79, -14, -51, -24,
-15, 270, 38, -5, 9, 85, -42, -60, 67, -23, -31, -20, -26, 233, 89, 53, 83, 22, -48, 6, 35, -84, -57, 25, -35, 252, 95, 77, 71, 15, -49, -77, 49, 1, -13,
22, -43, 273, 84, 61, 78, 59, -53, -51, 42, 11, -38, 29, 7, 324, 11, 17, 60, 65, -22, -52, 19, 2, -33, 0, -15, 410, -195, -144, -23, 28, -93, 144, 160, -108,
-77, -9, 24, 371, -305, -203, 33, 93, -95, 100, 79, -118, -21, 24, -8, 296, -291, -115, 8, 113, -69, 65, 40, -58, -43, -27, 35, 252, -358, -103, -27, 89, -16, 62, 14,
-51, -54, -7, 20, 209, -417, -48, -19, 83, -36, 55, 31, -26, -25, -26, 19, 191, -427, -57, -37, 35, -67, 58, -22, 5, 20, -49, 60, 129, -369, -10, -53, -30, 7, 16,
-42, 80, 49, -54, 77, 106, -426, 28, -100, 3, -42, 49, 10, 36, 4, -43, 101, 99, -313, -5, -73, 52, 1, -1, 9, 35, 2, -30, 116, 167, -234, -39, -143, 1, 24,
50, -26, 46, -44, -11, 57, 165, -188, -36, -181, 21, 60, 34, -10, 38, -58, -43, 46, 176, -206, -51, -174, 37, 40, -19, 3, 38, -34, -52, 20, 181, -219, -16, -139, 18,
5, -52, 39, 54, -31, -60, -33, 230, -225, -23, -102, 54, -5, 8, 43, 21, 33, -61, 0, 204, -247, -30, -31, 115, 51, 58, 41, -8, 21, -38, 6, 166, -190, -2, -20,
152, 29, 34, 49, -44, 23, 29, 73, 177, -196, 12, 2, 157, 37, -5, -24, -5, 22, 0, 17, 172, -169, -1, -30, 213, 32, -20, -43, -9, 27, -53, 49, 138, -191, -11,
40, 179, 45, -26, 13, -13, -56, -7, 72, 154, -157, 16, -15, 69, 0, -46, 55, -16, -26, 26, 53, 278, -205, -116, -112, -52, 17, 125, 71, -101, 4, 45, -34, 168, -261,
-127, -106, 32, -1, 54, 32, -59, 34, -17, 22, 64, -225, -118, -78, 68, 39, -28, 42, -69, 8, -38, 33, 83, -221, -50, -48, 46, 70, -27, 23, -60, 6, -37, 44, 158,
-225, -6, -42, 44, 3, -11, -14, -9, 13, -40, 12, 100, -168, 2, -102, 81, 28, -65, -10, 4, 13, -39, 40, 113, -230, 46, -89, 36, 7, -30, -21, -2, -13, -44, 46,
144, -250, -13, -108, 78, 65, -43, -13, 4, -47, -27, 78, 94, -268, -2, -167, 106, 78, -59, 7, -39, -54, -34, 90, 152, -226, -78, -260, 152, 60, -36, 52, -19, -46, -5,
31, 133, -173, -70, -252, 78, 119, 16, 26, -28, 24, -50, 20, 181, -133, -93, -214, 72, 72, 38, 52, -40, -30, -66, -8, 247, -93, -44, -272, 14, 46, 47, 99, -46, -71,
-81, 3, 241, -68, -51, -284, -19, 57, 63, 97, -48, -48, -28, 0, 221, -56, -99, -308, -17, 55, -33, 103, -6, -65, -28, -8, 220, -70, -54, -298, -6, 44, 1, 83, 4,
-51, -17, 49, 177, -69, -34, -159, 49, 18, 8, 100, 17, -76, -20, 14, 240, 3, 20, -147, 9, -2, -54, 30, 55, -36, -21, 12, 167, -32, 23, -138, 104, 34, -85, 50,
20, -30, 40, 53, 178, -40, 28, -135, 60, 51, -83, 62, -13, -28, 59, 107, 114, 36, -72, -2, -8, 44, -64, 86, -57, 1, 36, 93, -77, 45, -104, -50, -2, 142, -38,
74, -59, 19, 107, 79, -47, 91, -48, -29, -47, 101, -103, 80, 25, 59, 56, 54, 96, 59, -62, -156, -72, 92, -62, 72, 10, -33, -9, 118, 200, -14, -85, -183, -93, 72,
-18, 94, 49, -33, -87, 51, 206, -55, -210, -163, -33, 12, 24, 116, 53, -27, -99, -15, 208, -146, -201, -159, -63, 26, 53, 42, 54, 30, -66, -5, 170, -104, -47, -152, -98,
35, 86, 42, -17, 10, 32, 19, 162, -106, -33, -51, -81, 44, 131, 44, -67, -18, -13, 34, 154, -137, 0, -41, 31, 11, -6, 6, -9, -25, 9, 60, 213, -152, -80, -66,
63, -13, 4, 67, -16, 32, -22, 0, 194, -145, -114, -34, 105, -33, -45, 92, -21, 37, 0, 16, 165, -222, -38, -70, 48, -22, 20, 20, -3, 59, -9, -23, 156, -227, -41,
-36, 69, 14, 44, 26, -4, 28, -35, 0, 22, -252, -47, -50, 70, 60, 42, 54, 28, 35, -2, 36, 111, -163, -42, -153, 53, 9, 33, 64, 46, 10, -6, 8, 102, -138,
-3, -40, 29, 34, 91, 58, 0, -4, -37, -115, 91, -137, 110, -25, 22, 6, 77, 73, 29, 30, -95, -87, 0, 0, 0, 0, 0, 0, 0, 0, 0, 0, 0, 0, 0,
0, 0, 0, 0, 0, 0, 0, 0, 0, 0, 0, 0, 0, 0, 0, 0, 0, 0, 0, 0, 0, 0, 0, 0, 0, 0, 0, 0, 0, 0, 0, 0, 0, 0, 0,
0, 0, 0, 0, 0, 0, 0, 0, 0, 0, 0, 0, 0, 0, 0, 0, 0, 0, 0, 0, 0, 0, 0, 0, 0, 0, 0, 0, 0, 0, 0, 0, 0, 0, 0,
0, 0, 0, 0, 0, 0, 0, 0, 0, 0, 0, 0, 0, 0, 0, 0, 0, 0, 0, 0, 0, 0, 0, 0, 0, 0, 0, 0, 0, 0, 0, 0, 0, 0, 0,
0, 0, 0, 0, 0, 0, 0, 0, 0, 0, 0, 0, 0, 0, 0, 0, 0, 0, 0, 0, 0, 0, 0, 0, 0, 0, 0, 0, 0, 0, 0, 0, 0, 0, 0,
0, 0, 0, 0, 0, 0, 0, 0, 0, 0, 0, 0, 0, 0, 0, 0, 0, 0, 0, 0, 0, 0, 0, 0, 0, 0, 0, 0, 0, 0, 0, 0, 0, 0, 0,
0, 0, 0, 0, 0, 0, 0, 0, 0, 0, 0, 0, 0, 0, 0, 0, 0, 0, 0, 0, 0, 0, 0, 0, 0, 0, 0, 0, 0, 0, 0, 0, 0, 0, 0,
0, 0, 0, 0, 0, 0, 0, 0, 0, 0, 0, 0, 0, 0, 0, 0, 0, 0, 0, 0, 0, 0, 0, 0, 0, 0, 0, 0, 0, 0, 0, 0, 0, 0, 0,
0, 0, 0, 0, 0, 0, 0, 0, 0, 0, 0, 0, 0, 0, 0, 0, 0, 0, 0, 0, 0, 0, 0, 0, 0, 0, 0, 0, 0, 0, 0, 0, 0, 0, 0,
0, 0, 0, 0, 0, 0, 0, 0, 0, 0, 0, 0, 0, 0, 0, 0, 0, 0, 0, 0, 0, 0, 0, 0, 0, 0, 0, 0, 0, 0, 0, 0, 0, 0, 0,
0, 0, 0, 0, 0, 0, 0, 0, 0, 0, 0, 0, 0, 0, 0, 0, 0, 0, 0, 0, 0, 0, 0, 0, 0, 0, 0, 0, 0, 0, 0, 0, 0, 0, 0,
0, 0, 0, 0, 0, 0, 0, 0, 0, 0, 0, 0, 0, 0, 0, 0, 0, 0, 0, 0, 0, 0, 0, 0, 0, 0, 0, 0, 0, 0, 0, 0, 0, 0, 0,
0, 0, 0, 0, 0, 0, 0, 0, 0, 0, 0, 0, 0, 0, 0, 0, 0, 0, 0, 0, 0, 0, 0, 0, 0, 0, 0, 0, 0, 0, 0, 0, 0, 0, 0,
0, 0, 0, 0, 0, 0, 0, 0, 0, 0, 0, 0, 0, 0, 0, 0, 0, 0, 0, 0, 0, 0, 0, 0, 0, 0, 0, 0, 0, 0, 0, 0, 0, 0, 0,
0, 0, 0, 0, 0, 0, 0, 0, 0, 0, 0, 0, 0, 0, 0, 0, 0, 0, 0, 0, 0, 0, 0, 0, 0, 0, 0, 0, 0, 0, 0, 0, 0, 0, 0,
0, 0, 0, 0, 0, 0, 0, 0, 0, 0, 0, 0, 0, 0, 0, 0, 0, 0, 0, 0, 0, 0, 0, 0, 0, 0, 0, 0, 0, 0, 0, 0, 0, 0, 0,
0, 0, 0, 0, 0, 0, 0, 0, 0, 0, 0, 0, 0, 0, 0, 0, 0, 0, 0, 0, 0, 0, 0, 0, 0, 0, 0, 0, 0, 0, 0, 0, 0, 0, 0,
0, 0, 0, 0, 0, 0, 0, 0, 0, 0, 0, 0, 0, 0, 0, 0, 0, 0, 0, 0, 0, 0, 0, 0, 0, 0, 0, 0, 0, 0, 0, 0, 0, 0, 0,
0, 0, 0, 0, 0, 0, 0, 0, 0, 0, 0, 0, 0, 0, 0, 0, 0, 0, 0, 0, 0, 0, 0, 0, 0, 0, 0, 0, 0, 0, 0, 0, 0, 0, 0,
0, 0, 0, 0, 0, 0, 0, 0, 0, 0, 0, 0, 0, 0, 0, 0, 0, 0, 0, 0, 0, 0, 0, 0, 0, 0, 0, 0, 0, 0, 0, 0, 0, 0, 0,
0, 0, 0, 0, 0, 0, 0, 0, 0, 0, 0, 0, 0, 0, 0, 0, 0, 0, 0, 0, 0, 0, 0, 0, 0, 0, 0, 0, 0, 0, 0, 0, 0, 0, 0,
0, 0, 0, 0, 0, 0, 0, 0, 0, 0, 0, 0, 0, 0, 0, 0, 0, 0, 0, 0, 0, 0, 0, 0, 0, 0, 0, 0, 0, 0, 0, 0, 0, 0, 0,
0, 0, 0, 0, 0, 0, 0, 0, 0, 0, 0, 0, 0, 0, 0, 0, 0, 0, 0, 0, 0, 0, 0, 0, 0, 0, 0, 0, 0, 0, 0, 0, 0, 0, 0,
0, 0, 0, 0, 0, 0, 0, 0, 0, 0, 0, 0, 0, 0, 0, 0, 0, 0, 0, 0, 0, 0, 0, 0, 0, 0, 0, 0, 0, 0, 0, 0, 0, 0, 0,
0, 0, 0, 0, 0, 0, 0, 0, 0, 0, 0, 0, 0, 0, 0, 0, 0, 0, 0, 0, 0, 0, 0, 0, 0, 0, 0, 0, 0, 0, 0, 0, 0, 0, 0,
0, 0, 0, 0, 0, 0, 0, 0, 0, 0, 0, 0, 0, 0, 0, 0, 0, 0, 0, 0, 0, 0, 0, 0, 0, 0, 0, 0, 0, 0, 0, 0, 0, 0, 0,
0, 0, 0, 0, 0, 0, 0, 0, 0, 0, 0, 0, 0, 0, 0, 0, 0, 0, 0, 0, 0, 0, 0, 0, 0, 0, 0, 0, 0, 0, 0, 0, 0, 0, 0,
0, 0, 0, 0, 0, 0, 0, 0, 0, 0, 0, 0, 0, 0, 0, 0, 0, 0, 0, 0, 0, 0, 0, 0, 0, 0, 0, 0, 0, 0, 0, 0, 0, 0, 0,
0, 0, 0, 0, 0, 0, 0, 0, 0, 0, 0, 0, 0, 0, 0, 0, 0, 0, 0, 0, 0, 0, 0, 0, 0, 0, 0, 0, 0, 0, 0, 0, 0, 0, 0,
0, 0, 0, 0, 0, 0, 0, 0, 0, 0, 0, 0, 0, 0, 0, 0, 0, 0, 0, 0, 0, 0, 0, 0, 0, 0, 0, 0, 0, 0, 0, 0, 0, 0, 0,
0, 0, 0, 0, 0, 0, 0, 0, 0, 0, 0, 0, 0, 0, 0, 0, 0, 0, 0, 0, 0, 0, 0, 0, 0, 0, 0, 0, 0, 0, 0, 0, 0, 0, 0,
0, 0, 0, 0, 0, 0, 0, 0, 0, 0, 0, 0, 0, 0, 0, 0, 0, 0, 0, 0, 0, 0, 0, 0, 0, 0, 0, 0, 0, 0, 0, 0, 0, 0, 0,
0, 0, 0, 0, 0, 0, 0, 0, 0, 0, 0, 0, 0, 0, 0, 0, 0, 0, 0, 0, 0, 0, 0, 0, 0, 0, 0, 0, 0, 0, 0, 0, 0, 0, 0,
0, 0, 0, 0, 0, 0, 0, 0, 0, 0, 0, 0, 0, 0, 0, 0, 0, 0, 0, 0, 0, 0, 0, 0, 0, 0, 0, 0, 0, 0, 0, 0, 0, 0, 0,
0, 0, 0, 0, 0, 0, 0, 0, 0, 0, 0, 0, 0, 0, 0, 0, 0, 0, 0, 0, 0, 0, 0, 0, 0, 0, 0, 0, 0, 0, 0, 0, 0, 0, 0,
0, 0, 0, 0, 0, 0, 0, 0, 0, 0, 0, 0, 0, 0, 0, 0, 0, 0, 0, 0, 0, 0, 0, 0, 0, 0, 0, 0, 0, 0, 0, 0, 0, 0, 0,
0, 0, 0, 0, 0, 0, 0, 0, 0, 0, 0, 0, 0, 0, 0, 0, 0, 0, 0, 0, 0, 0, 0, 0, 0, 0, 0, 0, 0, 0, 0, 0, 0, 0, 0,
0, 0, 0, 0, 0, 0, 0, 0, 0, 0, 0, 0, 0, 0, 0, 0, 0, 0, 0, 0, 0, 0, 0, 0, 0, 0, 0, 0, 0, 0, 0, 0, 0, 0, 0,
0, 0, 0, 0, 0, 0, 0, 0, 0, 0, 0, 0, 0, 0, 0, 0, 0, 0, 0, 0, 0, 0, 0, 0, 0, 0, 0, 0, 0, 0, 0, 0, 0, 0, 0,
0, 0, 0, 0, 0, 0, 0, 0, 0, 0, 0, 0, 0, 0, 0, 0, 0, 0, 0, 0, 0, 0, 0, 0, 0, 0, 0, 0, 0, 0, 0, 0, 0, 0, 0,
0, 0, 0, 0, 0, 0, 0, 0, 0, 0, 0, 0, 0, 0, 0, 0, 0, 0, 0, 0, 0, 0, 0, 0, 0, 0, 0, 0, 0, 0, 0, 0, 0, 0, 0,
0, 0, 0, 0, 0, 0, 0, 0, 0, 0, 0, 0, 0, 0, 0, 0, 0, 0, 0, 0, 0, 0, 0, 0, 0, 0, 0, 0, 0, 0, 0, 0, 0, 0, 0,
0, 0, 0, 0, 0, 0, 0, 0, 0, 0, 0, 0, 0, 0, 0, 0, 0, 0, 0, 0, 0, 0, 0, 0, 0, 0, 0, 0, 0, 0, 0, 0, 0, 0, 0,
0, 0, 0, 0, 0, 0, 0, 0, 0, 0, 0, 0, 0, 0, 0, 0, 0, 0, 0, 0, 0, 0, 0, 0, 0, 0, 0, 0, 0, 0, 0, 0, 0, 0, 0,
0, 0, 0, 0, 0, 0, 0, 0, 0, 0, 0, 0, 0, 0, 0, 0, 0, 0, 0, 0, 0, 0, 0, 0, 0, 0, 0, 0, 0, 0, 0, 0, 0, 0, 0,
0, 0, 0, 0, 0, 0, 0, 0, 0, 0, 0, 0, 0, 0, 0, 0, 0, 0, 0, 0, 0, 0, 0, 0, 0, 0, 0, 0, 0, 0, 0, 0, 0, 0, 0,
0, 0, 0, 0, 0, 0, 0, 0, 0, 0, 0, 0, 0, 0, 0, 0, 0, 0, 0, 0, 0, 0, 0, 0, 0, 0, 0, 0, 0, 0, 0, 0, 0, 0, 0,
0, 0, 0, 0, 0, 0, 0, 0, 0, 0, 0, 0, 0, 0, 0, 0, 0, 0, 0, 0, 0, 0, 0, 0, 0, 0, 0, 0, 0, 0, 0, 0, 0, 0, 0,
0, 0, 0, 0, 0, 0, 0, 0, 0, 0, 0, 0, 0, 0, 0, 0, 0, 0, 0, 0, 0, 0, 0, 0, 0, 0, 0, 0, 0, 0, 0, 0, 0, 0, 0,
0, 0, 0, 0, 0, 0, 0, 0, 0, 0, 0, 0, 0, 0, 0, 0, 0, 0, 0, 0, 0, 0, 0, 0, 0, 0, 0, 0, 0, 0, 0, 0, 0, 0, 0,
0, 0, 0, 0, 0, 0, 0, 0, 0, 0, 0, 0, 0, 0, 0, 0, 0, 0, 0, 0, 0, 0, 0, 0, 0, 0, 0, 0, 0, 0, 0, 0, 0, 0, 0,
0, 0, 0, 0, 0, 0, 0, 0, 0, 0, 0, 0, 0, 0, 0, 0, 0, 0, 0, 0, 0, 0, 0, 0, 0, 0, 0, 0, 0, 0, 0, 0, 0, 0, 0,
0, 0, 0, 0, 0, 0, 0, 0, 0, 0, 0, 0, 0, 0, 0, 0, 0, 0, 0, 0, 0, 0, 0, 0, 0, 0, 0, 0, 0, 0, 0, 0, 0, 0, 0,
0, 0, 0, 
print model ok!

start rec...
get noise again...
speeking...
frm_num=72
-64, 48, 36, 48, 42, 47, 44, 48, 47, 49, 45, 45, 168, 64, 87, 76, 80, -13, -34, 81, 54, -27, -89, -63, 174, 147, 96, 53, 59, 1, -36, 8, -8, -18, 2,
-34, 205, 73, 17, 118, 116, 13, -44, 32, -25, -49, -31, -20, 200, 97, 74, 71, 61, -39, -16, -1, 5, -38, -31, -22, 374, -136, -121, 4, 27, -48, 70, 51, -102, -88,
23, 0, 339, -261, -128, -9, 93, -39, 144, 76, -172, -40, 22, -28, 264, -214, -136, -24, 153, -35, 55, 25, -116, -15, -5, -27, 238, -244, -116, 4, 201, -29, 55, -6, -102,
-38, 10, -20, 225, -216, -144, 28, 240, -54, 38, -33, -106, -8, 13, -24, 184, -270, -108, -14, 210, -5, 45, -67, -76, 19, -5, -29, 168, -272, -103, 2, 216, -19, 21, -97,
-87, 40, 24, -37, 126, -348, -115, -105, 172, 57, 11, -64, -31, 61, -12, 8, 71, -379, -135, -162, 179, 79, -6, -12, 29, 21, -11, 37, 104, -331, -75, -147, 182, 73, 1,
1, -19, -6, -14, 25, 118, -267, -84, -154, 183, 73, -38, -24, -79, -37, -5, 39, 148, -248, -70, -136, 163, 82, -60, 6, -37, -80, 14, 48, 109, -178, -5, -204, 148, 75,
-44, 46, -19, -82, -12, 61, 58, -90, 48, -260, 88, 27, -35, 58, 3, -59, -4, 0, 66, -110, 0, -289, 77, 19, -49, 89, 8, -67, -7, 8, 106, -128, -44, -313, 55,
61, -29, 92, -13, -50, 12, -15, 126, -154, -51, -284, 88, 110, -11, 51, -12, -26, 33, 9, 158, -122, -20, -161, 127, 58, 3, 31, -34, -69, 54, 42, 185, -55, -32, -237,
95, 87, 14, 61, -39, -54, 9, 25, 201, -101, 4, -177, 106, 85, 45, 72, -22, -14, -23, 1, 211, -99, -60, -85, 112, 62, 14, 64, -35, 3, -22, -13, 106, -165, -3,
-129, 152, 134, 49, 39, -28, -12, -4, 25, 100, -176, -8, -87, 140, 123, -30, 53, -22, -37, -5, 61, 189, -177, -44, -209, 5, 78, 37, 90, 23, -19, 24, 75, 229, -244,
-108, -112, 55, 40, 90, 71, -53, -9, -14, 34, 218, -280, -50, -99, 117, 77, 49, -15, -86, 35, -29, -28, 290, -288, -119, -111, 74, 61, 69, -15, -88, 12, -48, -12, 233,
-210, -64, -123, 101, 33, 78, 34, -42, -13, -54, -26, 245, -208, -131, -102, 95, 39, 65, -22, -64, 35, -40, -63, 190, -212, -85, -82, 134, 82, 16, -31, -57, -1, -30, -32,
196, -176, -48, -91, 119, 29, -11, -5, -3, 11, -16, -2, 143, -188, -36, -106, 100, 105, -44, -23, 7, -4, -79, -26, 195, -166, -60, -164, 94, 74, -35, 8, -1, -30, -53,
7, 181, -106, -23, -168, 101, 82, -28, 16, -23, 11, -59, -3, 196, -142, -20, -162, 97, 68, -16, 38, -25, -31, -52, 24, 196, -101, -35, -189, 183, 98, -52, 9, -43, -69,
-36, 10, 202, -42, -22, -262, 171, 152, -6, -12, -48, -66, -20, 24, 140, -30, -36, -251, 94, 72, -21, 104, -21, -75, -23, -34, 122, -52, -53, -237, 85, 92, -54, 111, 47,
-36, -18, -33, 113, -117, -114, -185, 79, -7, 17, 136, 22, 0, -24, 10, 100, -159, -150, -292, 91, 22, 7, 126, 71, -6, 53, 61, 113, -102, -98, -277, 81, 118, 25, 138,
71, -18, 32, 36, 90, -58, -103, -265, 44, 67, 56, 44, -3, 15, -16, 10, 101, -54, -36, -196, 71, 164, 18, 130, -7, -49, -2, 65, 116, -57, -16, -223, 129, 74, -22,
56, 10, -37, 0, 47, 127, -68, -97, -158, 108, 98, -68, 105, 1, 25, 11, -6, 9, -13, -188, -125, 19, 100, 27, 111, -23, 56, -59, 2, -34, 45, -173, -70, 37, 144,
-2, 143, 4, 27, -76, -41, 71, 32, -108, -107, -12, 84, -41, 108, 57, -45, -53, -47, 146, 9, -45, -137, 10, 12, -31, 80, 73, 11, -78, -14, 162, -31, -59, -195, 16,
92, -29, 72, 49, -47, -90, -49, 183, -47, -80, -107, 24, 118, 13, 68, -11, -10, -84, -7, 179, 4, -134, -143, -14, 128, 37, 23, -47, 8, -55, -15, 202, -95, -93, -37,
-39, 73, 55, 88, -49, 0, -51, -20, 192, -156, -55, -12, 0, 79, 91, 63, -64, -21, -64, -64, 168, -174, -45, -26, 21, 66, 113, 36, -112, -26, -33, -6, 121, -176, -29,
26, -9, 105, 113, 40, -91, -2, -13, -20, 106, -198, -33, 20, 15, -15, 85, 102, -54, 42, -24, -35, 127, -255, -124, -27, -1, 23, 72, 58, -34, 57, -14, 3, 85, -262,
-89, -15, 31, 51, 76, 82, 16, 35, -40, -51, 128, -244, -49, -11, 76, 98, 50, 63, -16, 8, -42, -57, 100, -198, 14, 14, 62, 74, 97, 0, -65, -18, -63, -28, 159,
-147, 19, 39, 67, 73, 96, 17, -41, -30, -72, -39, 170, -66, 14, -25, 66, 72, 29, 0, -8, 2, -49, -8, 154, -76, -25, -19, 41, 62, 74, 67, -4, -11, -13, -40,
127, -151, -66, -57, 33, -8, 20, 34, -20, 51, 14, -28, 132, -166, -6, 29, 62, -6, 35, 71, -41, 41, 54, -37, 0, 0, 0, 0, 0, 0, 0, 0, 0, 0, 0,
0, 0, 0, 0, 0, 0, 0, 0, 0, 0, 0, 0, 0, 0, 0, 0, 0, 0, 0, 0, 0, 0, 0, 0, 0, 0, 0, 0, 0, 0, 0, 0, 0, 0, 0,
0, 0, 0, 0, 0, 0, 0, 0, 0, 0, 0, 0, 0, 0, 0, 0, 0, 0, 0, 0, 0, 0, 0, 0, 0, 0, 0, 0, 0, 0, 0, 0, 0, 0, 0,
0, 0, 0, 0, 0, 0, 0, 0, 0, 0, 0, 0, 0, 0, 0, 0, 0, 0, 0, 0, 0, 0, 0, 0, 0, 0, 0, 0, 0, 0, 0, 0, 0, 0, 0,
0, 0, 0, 0, 0, 0, 0, 0, 0, 0, 0, 0, 0, 0, 0, 0, 0, 0, 0, 0, 0, 0, 0, 0, 0, 0, 0, 0, 0, 0, 0, 0, 0, 0, 0,
0, 0, 0, 0, 0, 0, 0, 0, 0, 0, 0, 0, 0, 0, 0, 0, 0, 0, 0, 0, 0, 0, 0, 0, 0, 0, 0, 0, 0, 0, 0, 0, 0, 0, 0,
0, 0, 0, 0, 0, 0, 0, 0, 0, 0, 0, 0, 0, 0, 0, 0, 0, 0, 0, 0, 0, 0, 0, 0, 0, 0, 0, 0, 0, 0, 0, 0, 0, 0, 0,
0, 0, 0, 0, 0, 0, 0, 0, 0, 0, 0, 0, 0, 0, 0, 0, 0, 0, 0, 0, 0, 0, 0, 0, 0, 0, 0, 0, 0, 0, 0, 0, 0, 0, 0,
0, 0, 0, 0, 0, 0, 0, 0, 0, 0, 0, 0, 0, 0, 0, 0, 0, 0, 0, 0, 0, 0, 0, 0, 0, 0, 0, 0, 0, 0, 0, 0, 0, 0, 0,
0, 0, 0, 0, 0, 0, 0, 0, 0, 0, 0, 0, 0, 0, 0, 0, 0, 0, 0, 0, 0, 0, 0, 0, 0, 0, 0, 0, 0, 0, 0, 0, 0, 0, 0,
0, 0, 0, 0, 0, 0, 0, 0, 0, 0, 0, 0, 0, 0, 0, 0, 0, 0, 0, 0, 0, 0, 0, 0, 0, 0, 0, 0, 0, 0, 0, 0, 0, 0, 0,
0, 0, 0, 0, 0, 0, 0, 0, 0, 0, 0, 0, 0, 0, 0, 0, 0, 0, 0, 0, 0, 0, 0, 0, 0, 0, 0, 0, 0, 0, 0, 0, 0, 0, 0,
0, 0, 0, 0, 0, 0, 0, 0, 0, 0, 0, 0, 0, 0, 0, 0, 0, 0, 0, 0, 0, 0, 0, 0, 0, 0, 0, 0, 0, 0, 0, 0, 0, 0, 0,
0, 0, 0, 0, 0, 0, 0, 0, 0, 0, 0, 0, 0, 0, 0, 0, 0, 0, 0, 0, 0, 0, 0, 0, 0, 0, 0, 0, 0, 0, 0, 0, 0, 0, 0,
0, 0, 0, 0, 0, 0, 0, 0, 0, 0, 0, 0, 0, 0, 0, 0, 0, 0, 0, 0, 0, 0, 0, 0, 0, 0, 0, 0, 0, 0, 0, 0, 0, 0, 0,
0, 0, 0, 0, 0, 0, 0, 0, 0, 0, 0, 0, 0, 0, 0, 0, 0, 0, 0, 0, 0, 0, 0, 0, 0, 0, 0, 0, 0, 0, 0, 0, 0, 0, 0,
0, 0, 0, 0, 0, 0, 0, 0, 0, 0, 0, 0, 0, 0, 0, 0, 0, 0, 0, 0, 0, 0, 0, 0, 0, 0, 0, 0, 0, 0, 0, 0, 0, 0, 0,
0, 0, 0, 0, 0, 0, 0, 0, 0, 0, 0, 0, 0, 0, 0, 0, 0, 0, 0, 0, 0, 0, 0, 0, 0, 0, 0, 0, 0, 0, 0, 0, 0, 0, 0,
0, 0, 0, 0, 0, 0, 0, 0, 0, 0, 0, 0, 0, 0, 0, 0, 0, 0, 0, 0, 0, 0, 0, 0, 0, 0, 0, 0, 0, 0, 0, 0, 0, 0, 0,
0, 0, 0, 0, 0, 0, 0, 0, 0, 0, 0, 0, 0, 0, 0, 0, 0, 0, 0, 0, 0, 0, 0, 0, 0, 0, 0, 0, 0, 0, 0, 0, 0, 0, 0,
0, 0, 0, 0, 0, 0, 0, 0, 0, 0, 0, 0, 0, 0, 0, 0, 0, 0, 0, 0, 0, 0, 0, 0, 0, 0, 0, 0, 0, 0, 0, 0, 0, 0, 0,
0, 0, 0, 0, 0, 0, 0, 0, 0, 0, 0, 0, 0, 0, 0, 0, 0, 0, 0, 0, 0, 0, 0, 0, 0, 0, 0, 0, 0, 0, 0, 0, 0, 0, 0,
0, 0, 0, 0, 0, 0, 0, 0, 0, 0, 0, 0, 0, 0, 0, 0, 0, 0, 0, 0, 0, 0, 0, 0, 0, 0, 0, 0, 0, 0, 0, 0, 0, 0, 0,
0, 0, 0, 0, 0, 0, 0, 0, 0, 0, 0, 0, 0, 0, 0, 0, 0, 0, 0, 0, 0, 0, 0, 0, 0, 0, 0, 0, 0, 0, 0, 0, 0, 0, 0,
0, 0, 0, 0, 0, 0, 0, 0, 0, 0, 0, 0, 0, 0, 0, 0, 0, 0, 0, 0, 0, 0, 0, 0, 0, 0, 0, 0, 0, 0, 0, 0, 0, 0, 0,
0, 0, 0, 0, 0, 0, 0, 0, 0, 0, 0, 0, 0, 0, 0, 0, 0, 0, 0, 0, 0, 0, 0, 0, 0, 0, 0, 0, 0, 0, 0, 0, 0, 0, 0,
0, 0, 0, 0, 0, 0, 0, 0, 0, 0, 0, 0, 0, 0, 0, 0, 0, 0, 0, 0, 0, 0, 0, 0, 0, 0, 0, 0, 0, 0, 0, 0, 0, 0, 0,
0, 0, 0, 0, 0, 0, 0, 0, 0, 0, 0, 0, 0, 0, 0, 0, 0, 0, 0, 0, 0, 0, 0, 0, 0, 0, 0, 0, 0, 0, 0, 0, 0, 0, 0,
0, 0, 0, 0, 0, 0, 0, 0, 0, 0, 0, 0, 0, 0, 0, 0, 0, 0, 0, 0, 0, 0, 0, 0, 0, 0, 0, 0, 0, 0, 0, 0, 0, 0, 0,
0, 0, 0, 0, 0, 0, 0, 0, 0, 0, 0, 0, 0, 0, 0, 0, 0, 0, 0, 0, 0, 0, 0, 0, 0, 0, 0, 0, 0, 0, 0, 0, 0, 0, 0,
0, 0, 0, 0, 0, 0, 0, 0, 0, 0, 0, 0, 0, 0, 0, 0, 0, 0, 0, 0, 0, 0, 0, 0, 0, 0, 0, 0, 0, 0, 0, 0, 0, 0, 0,
0, 0, 0, 0, 0, 0, 0, 0, 0, 0, 0, 0, 0, 0, 0, 0, 0, 0, 0, 0, 0, 0, 0, 0, 0, 0, 0, 0, 0, 0, 0, 0, 0, 0, 0,
0, 0, 0, 0, 0, 0, 0, 0, 0, 0, 0, 0, 0, 0, 0, 0, 0, 0, 0, 0, 0, 0, 0, 0, 0, 0, 0, 0, 0, 0, 0, 0, 0, 0, 0,
0, 0, 0, 0, 0, 0, 0, 0, 0, 0, 0, 0, 0, 0, 0, 0, 0, 0, 0, 0, 0, 0, 0, 0, 0, 0, 0, 0, 0, 0, 0, 0, 0, 0, 0,
0, 0, 0, 0, 0, 0, 0, 0, 0, 0, 0, 0, 0, 0, 0, 0, 0, 0, 0, 0, 0, 0, 0, 0, 0, 0, 0, 0, 0, 0, 0, 0, 0, 0, 0,
0, 0, 0, 0, 0, 0, 0, 0, 0, 0, 0, 0, 0, 0, 0, 0, 0, 0, 0, 0, 0, 0, 0, 0, 0, 0, 0, 0, 0, 0, 0, 0, 0, 0, 0,
0, 0, 0, 0, 0, 0, 0, 0, 0, 0, 0, 0, 0, 0, 0, 0, 0, 0, 0, 0, 0, 0, 0, 0, 0, 0, 0, 0, 0, 0, 0, 0, 0, 0, 0,
0, 0, 0, 0, 0, 0, 0, 0, 0, 0, 0, 0, 0, 0, 0, 0, 0, 0, 0, 0, 0, 0, 0, 0, 0, 0, 0, 0, 0, 0, 0, 0, 0, 0, 0,
0, 0, 0, 0, 0, 0, 0, 0, 0, 0, 0, 0, 0, 0, 0, 0, 0, 0, 0, 0, 0, 0, 0, 0, 0, 0, 0, 0, 0, 0, 0, 0, 0, 0, 0,
0, 0, 0, 0, 0, 0, 0, 0, 0, 0, 0, 0, 0, 0, 0, 0, 0, 0, 0, 0, 0, 0, 0, 0, 0, 0, 0, 0, 0, 0, 0, 0, 0, 0, 0,
0, 0, 0, 0, 0, 0, 0, 0, 0, 0, 0, 0, 0, 0, 0, 0, 0, 0, 0, 0, 0, 0, 0, 0, 0, 0, 0, 0, 0, 0, 0, 0, 0, 0, 0,
0, 0, 0, 0, 0, 0, 0, 0, 0, 0, 0, 0, 0, 0, 0, 0, 0, 0, 0, 0, 0, 0, 0, 0, 0, 0, 0, 0, 0, 0, 0, 0, 0, 0, 0,
0, 0, 0, 0, 0, 0, 0, 0, 0, 0, 0, 0, 0, 0, 0, 0, 0, 0, 0, 0, 0, 0, 0, 0, 0, 0, 0, 0, 0, 0, 0, 0, 0, 0, 0,
0, 0, 0, 0, 0, 0, 0, 0, 0, 0, 0, 0, 0, 0, 0, 0, 0, 0, 0, 0, 0, 0, 0, 0, 0, 0, 0, 0, 0, 0, 0, 0, 0, 0, 0,
0, 0, 0, 0, 0, 0, 0, 0, 0, 0, 0, 0, 0, 0, 0, 0, 0, 0, 0, 0, 0, 0, 0, 0, 0, 0, 0, 0, 0, 0, 0, 0, 0, 0, 0,
0, 0, 0, 0, 0, 0, 0, 0, 0, 0, 0, 0, 0, 0, 0, 0, 0, 0, 0, 0, 0, 0, 0, 0, 0, 0, 0, 0, 0, 0, 0, 0, 0, 0, 0,
0, 0, 0, 0, 0, 0, 0, 0, 0, 0, 0, 0, 0, 0, 0, 0, 0, 0, 0, 0, 0, 0, 0, 0, 0, 0, 0, 0, 0, 0, 0, 0, 0, 0, 0,
0, 0, 0, 0, 0, 0, 0, 0, 0, 0, 0, 0, 0, 0, 0, 0, 0, 0, 0, 0, 0, 0, 0, 0, 0, 0, 0, 0, 0, 0, 0, 0, 0, 0, 0,
0, 0, 0, 0, 0, 0, 0, 0, 0, 0, 0, 0, 0, 0, 0, 0, 0, 0, 0, 0, 0, 0, 0, 0, 0, 0, 0, 0, 0, 0, 0, 0, 0, 0, 0,
0, 0, 0, 0, 0, 0, 0, 0, 0, 0, 0, 0, 0, 0, 0, 0, 0, 0, 0, 0, 0, 0, 0, 0, 0, 0, 0, 0, 0, 0, 0, 0, 0, 0, 0,
0, 0, 0, 0, 0, 0, 0, 0, 0, 0, 0, 0, 0, 0, 0, 0, 0, 0, 0, 0, 0, 0, 0, 0, 0, 0, 0, 0, 0, 0, 0, 0, 0, 0, 0,
0, 0, 0, 
print model ok!

start rec...
get noise again...
speeking...
frm_num=85
-65, 40, 29, 41, 35, 40, 38, 40, 40, 41, 38, 38, 220, 118, 55, -55, -25, 0, -46, 6, -8, -18, 25, -31, 225, 115, 97, -85, -26, -68, -14, 105, -54, -21, 64,
-22, 226, 90, 76, -25, -11, -106, -59, 98, -91, -12, 25, -43, 213, 83, 119, 13, 13, -115, -46, 106, -30, -31, 24, -42, 257, 5, 66, 55, 44, -63, -49, 69, 1, -26,
11, -41, 262, 43, 50, 76, 70, -20, -29, 45, 0, -60, -31, 8, 309, 35, 14, 30, 44, -44, -52, 63, -26, -32, -4, 18, 296, 72, 29, 41, 0, -59, -22, 64, -30,
-56, 6, -10, 294, 53, 32, 37, 69, -60, -41, 55, -34, -32, 12, 9, 285, 37, 47, 57, 6, -74, -16, 77, 32, -66, -15, -1, 242, 48, 7, 55, 59, -66, -17, 58,
39, -42, -9, -6, 374, -131, -189, -63, -3, -99, 97, 128, -18, -49, -41, 7, 314, -186, -194, -67, -14, -76, 156, 72, -124, 23, -19, 2, 278, -227, -204, -32, 40, 39, 54,
55, -94, -24, -49, 3, 257, -189, -166, 12, 49, 24, 60, 5, -68, -54, -61, 41, 313, -215, -122, 51, -5, 45, 53, -20, -101, -27, -13, 3, 273, -171, -108, 25, 3, 15,
63, -12, -113, 3, -26, 20, 270, -198, -98, 17, 48, -6, 59, -67, -34, -20, -30, 18, 190, -188, -56, -4, 64, -29, 16, -33, 31, -4, -61, 29, 218, -251, -64, -33, 2,
60, -14, -58, -6, -23, -68, 73, 229, -202, -45, -72, 22, 66, -23, -76, 70, 2, -92, 89, 195, -210, -54, -110, 1, 54, 15, -25, 9, -32, -36, 63, 179, -182, -81, -164,
20, 68, 28, -11, 12, -35, -24, 52, 174, -171, -140, -177, 73, 74, 9, -10, -7, -37, -24, 28, 176, -167, -85, -126, 30, 33, 18, -10, 44, -29, -40, 21, 177, -113, -95,
-167, 56, 14, 31, -5, 21, 19, -36, -14, 228, -98, -86, -207, 14, 32, 26, -6, -8, -15, 5, -11, 226, -74, 2, -165, 34, 8, -13, 18, 64, -18, -68, 27, 207, -113,
9, -99, 87, 30, -2, 32, 3, -25, -76, -53, 221, -70, 22, -63, 109, 61, -41, -20, 16, -24, -53, -33, 289, -34, 10, -127, 54, 82, 61, -12, -7, -64, -23, -4, 262,
-44, -2, -108, 45, 100, 48, -2, -20, -39, -18, 1, 245, -59, -15, -120, 24, 99, 58, -8, -37, -14, -18, 1, 170, -68, -19, -121, 25, 23, 49, 54, 13, -42, -50, 26,
127, -174, -94, -158, 4, 47, 66, 91, 35, 6, 50, 80, 256, -222, -119, -64, -102, -28, 121, 69, -33, -15, 50, 10, 269, -271, -175, -48, -112, -33, 77, 63, -30, -8, 15,
-25, 248, -196, -214, -89, 0, -28, 14, 37, -46, -52, -13, -56, 268, -193, -164, -33, 36, 2, 44, 48, -60, -39, -31, -54, 263, -207, -152, -66, 19, -17, 35, -11, -43, -28,
-37, -34, 257, -226, -97, -67, -40, 32, 29, -15, -34, 0, -8, -16, 242, -258, -139, -129, -61, 20, 36, -23, 8, -7, 1, 26, 266, -203, -67, -174, -24, 62, 42, -11, -33,
-3, 19, 27, 268, -172, -75, -183, 3, 25, -9, -6, -44, -25, -16, 27, 253, -145, -97, -149, 11, -2, 13, 31, -33, -21, -8, 6, 228, -168, -137, -197, 5, 10, -6, 28,
-15, -41, -4, -2, 277, -183, -166, -196, -15, 18, -4, 30, 33, -63, -5, 30, 311, -118, -168, -197, 21, 24, -2, 70, 22, -64, 21, 15, 315, -114, -209, -205, -23, 22, -30,
53, -25, -50, -22, 5, 271, -56, -153, -188, 7, 33, -24, 47, -25, -20, 32, 6, 253, -71, -117, -220, -19, 77, -52, 12, -25, -66, 59, 9, 235, -113, -132, -155, 22, 84,
-5, 29, -32, -65, 17, -16, 279, -89, -128, -185, 18, 83, -16, 23, 19, -59, 50, 53, 254, -98, -129, -172, 20, 77, 12, 40, -13, -30, 110, 39, 335, -79, -130, -120, 17,
59, -5, 28, -25, -23, 93, 29, 261, -26, -114, -109, -18, 105, -3, 6, -33, -16, 77, 23, 147, 40, -156, -55, -39, 182, -28, 10, -71, 2, 74, 21, 66, 37, -226, -103,
-16, 94, -71, 37, -27, -5, 23, 57, 48, 61, -144, -86, 13, 96, -31, 54, -48, -8, 2, 38, 174, 58, -150, -173, -58, 25, -6, 37, 47, 10, -42, 70, 228, 59, -61,
-201, -120, 51, -14, 43, 88, -34, -29, 6, 246, -7, -142, -161, -80, 40, 20, 72, 36, -50, -70, -28, 221, -60, -144, -98, -8, 74, 50, 58, 6, -34, -130, -68, 234, -74,
-136, -68, -35, 32, 1, -17, 28, -32, -80, -32, 295, -99, -165, -63, -14, 59, -12, -2, -24, 21, -15, -51, 238, -49, -136, -52, 73, -1, -33, 43, -23, 8, 31, -38, 229,
-125, -117, -33, 86, 15, -30, 19, -57, 11, 18, 0, 276, -232, -133, -9, 59, 81, 13, -17, -27, -8, 3, 8, 293, -217, -140, -9, 43, 30, 25, 28, -69, -21, 14, -44,
281, -215, -117, 45, 62, 39, 6, 33, -89, 4, 19, -38, 222, -198, -116, 0, 32, 6, 16, 38, -23, -8, 9, -32, 166, -199, -157, -11, 66, 64, 2, 24, -12, -7, 23,
-24, 115, -148, -153, -61, -3, 60, -25, 61, 3, 49, 10, -11, 169, -93, -78, -66, -19, 21, 35, 74, 16, 28, -26, -58, 202, -114, -93, -36, 45, 86, 69, 13, -27, 15,
-59, -32, 228, -73, -74, 19, 104, 47, 5, -5, -84, -22, 13, 31, 246, -130, -119, -23, 67, 52, 43, 39, -54, 34, 5, -65, 191, -154, -94, -57, 37, 27, 26, 3, -78,
-22, 33, -31, 216, -123, -99, -94, 1, 30, 9, 29, -95, -7, 68, -12, 180, -109, -133, -83, 11, 31, 63, 45, -76, -7, 24, -22, 151, -126, -40, 16, -13, 9, 14, 51,
-26, 22, 56, -3, 138, -150, -120, -81, -41, -22, 48, 80, -18, 34, 71, 28, 150, -174, -104, -65, -45, -1, 57, 81, 13, 36, 95, 33, 203, -177, -68, -79, -55, -12, 21,
65, -1, 36, 42, 3, 0, 0, 0, 0, 0, 0, 0, 0, 0, 0, 0, 0, 0, 0, 0, 0, 0, 0, 0, 0, 0, 0, 0, 0, 0, 0, 0, 0, 0, 0,
0, 0, 0, 0, 0, 0, 0, 0, 0, 0, 0, 0, 0, 0, 0, 0, 0, 0, 0, 0, 0, 0, 0, 0, 0, 0, 0, 0, 0, 0, 0, 0, 0, 0, 0,
0, 0, 0, 0, 0, 0, 0, 0, 0, 0, 0, 0, 0, 0, 0, 0, 0, 0, 0, 0, 0, 0, 0, 0, 0, 0, 0, 0, 0, 0, 0, 0, 0, 0, 0,
0, 0, 0, 0, 0, 0, 0, 0, 0, 0, 0, 0, 0, 0, 0, 0, 0, 0, 0, 0, 0, 0, 0, 0, 0, 0, 0, 0, 0, 0, 0, 0, 0, 0, 0,
0, 0, 0, 0, 0, 0, 0, 0, 0, 0, 0, 0, 0, 0, 0, 0, 0, 0, 0, 0, 0, 0, 0, 0, 0, 0, 0, 0, 0, 0, 0, 0, 0, 0, 0,
0, 0, 0, 0, 0, 0, 0, 0, 0, 0, 0, 0, 0, 0, 0, 0, 0, 0, 0, 0, 0, 0, 0, 0, 0, 0, 0, 0, 0, 0, 0, 0, 0, 0, 0,
0, 0, 0, 0, 0, 0, 0, 0, 0, 0, 0, 0, 0, 0, 0, 0, 0, 0, 0, 0, 0, 0, 0, 0, 0, 0, 0, 0, 0, 0, 0, 0, 0, 0, 0,
0, 0, 0, 0, 0, 0, 0, 0, 0, 0, 0, 0, 0, 0, 0, 0, 0, 0, 0, 0, 0, 0, 0, 0, 0, 0, 0, 0, 0, 0, 0, 0, 0, 0, 0,
0, 0, 0, 0, 0, 0, 0, 0, 0, 0, 0, 0, 0, 0, 0, 0, 0, 0, 0, 0, 0, 0, 0, 0, 0, 0, 0, 0, 0, 0, 0, 0, 0, 0, 0,
0, 0, 0, 0, 0, 0, 0, 0, 0, 0, 0, 0, 0, 0, 0, 0, 0, 0, 0, 0, 0, 0, 0, 0, 0, 0, 0, 0, 0, 0, 0, 0, 0, 0, 0,
0, 0, 0, 0, 0, 0, 0, 0, 0, 0, 0, 0, 0, 0, 0, 0, 0, 0, 0, 0, 0, 0, 0, 0, 0, 0, 0, 0, 0, 0, 0, 0, 0, 0, 0,
0, 0, 0, 0, 0, 0, 0, 0, 0, 0, 0, 0, 0, 0, 0, 0, 0, 0, 0, 0, 0, 0, 0, 0, 0, 0, 0, 0, 0, 0, 0, 0, 0, 0, 0,
0, 0, 0, 0, 0, 0, 0, 0, 0, 0, 0, 0, 0, 0, 0, 0, 0, 0, 0, 0, 0, 0, 0, 0, 0, 0, 0, 0, 0, 0, 0, 0, 0, 0, 0,
0, 0, 0, 0, 0, 0, 0, 0, 0, 0, 0, 0, 0, 0, 0, 0, 0, 0, 0, 0, 0, 0, 0, 0, 0, 0, 0, 0, 0, 0, 0, 0, 0, 0, 0,
0, 0, 0, 0, 0, 0, 0, 0, 0, 0, 0, 0, 0, 0, 0, 0, 0, 0, 0, 0, 0, 0, 0, 0, 0, 0, 0, 0, 0, 0, 0, 0, 0, 0, 0,
0, 0, 0, 0, 0, 0, 0, 0, 0, 0, 0, 0, 0, 0, 0, 0, 0, 0, 0, 0, 0, 0, 0, 0, 0, 0, 0, 0, 0, 0, 0, 0, 0, 0, 0,
0, 0, 0, 0, 0, 0, 0, 0, 0, 0, 0, 0, 0, 0, 0, 0, 0, 0, 0, 0, 0, 0, 0, 0, 0, 0, 0, 0, 0, 0, 0, 0, 0, 0, 0,
0, 0, 0, 0, 0, 0, 0, 0, 0, 0, 0, 0, 0, 0, 0, 0, 0, 0, 0, 0, 0, 0, 0, 0, 0, 0, 0, 0, 0, 0, 0, 0, 0, 0, 0,
0, 0, 0, 0, 0, 0, 0, 0, 0, 0, 0, 0, 0, 0, 0, 0, 0, 0, 0, 0, 0, 0, 0, 0, 0, 0, 0, 0, 0, 0, 0, 0, 0, 0, 0,
0, 0, 0, 0, 0, 0, 0, 0, 0, 0, 0, 0, 0, 0, 0, 0, 0, 0, 0, 0, 0, 0, 0, 0, 0, 0, 0, 0, 0, 0, 0, 0, 0, 0, 0,
0, 0, 0, 0, 0, 0, 0, 0, 0, 0, 0, 0, 0, 0, 0, 0, 0, 0, 0, 0, 0, 0, 0, 0, 0, 0, 0, 0, 0, 0, 0, 0, 0, 0, 0,
0, 0, 0, 0, 0, 0, 0, 0, 0, 0, 0, 0, 0, 0, 0, 0, 0, 0, 0, 0, 0, 0, 0, 0, 0, 0, 0, 0, 0, 0, 0, 0, 0, 0, 0,
0, 0, 0, 0, 0, 0, 0, 0, 0, 0, 0, 0, 0, 0, 0, 0, 0, 0, 0, 0, 0, 0, 0, 0, 0, 0, 0, 0, 0, 0, 0, 0, 0, 0, 0,
0, 0, 0, 0, 0, 0, 0, 0, 0, 0, 0, 0, 0, 0, 0, 0, 0, 0, 0, 0, 0, 0, 0, 0, 0, 0, 0, 0, 0, 0, 0, 0, 0, 0, 0,
0, 0, 0, 0, 0, 0, 0, 0, 0, 0, 0, 0, 0, 0, 0, 0, 0, 0, 0, 0, 0, 0, 0, 0, 0, 0, 0, 0, 0, 0, 0, 0, 0, 0, 0,
0, 0, 0, 0, 0, 0, 0, 0, 0, 0, 0, 0, 0, 0, 0, 0, 0, 0, 0, 0, 0, 0, 0, 0, 0, 0, 0, 0, 0, 0, 0, 0, 0, 0, 0,
0, 0, 0, 0, 0, 0, 0, 0, 0, 0, 0, 0, 0, 0, 0, 0, 0, 0, 0, 0, 0, 0, 0, 0, 0, 0, 0, 0, 0, 0, 0, 0, 0, 0, 0,
0, 0, 0, 0, 0, 0, 0, 0, 0, 0, 0, 0, 0, 0, 0, 0, 0, 0, 0, 0, 0, 0, 0, 0, 0, 0, 0, 0, 0, 0, 0, 0, 0, 0, 0,
0, 0, 0, 0, 0, 0, 0, 0, 0, 0, 0, 0, 0, 0, 0, 0, 0, 0, 0, 0, 0, 0, 0, 0, 0, 0, 0, 0, 0, 0, 0, 0, 0, 0, 0,
0, 0, 0, 0, 0, 0, 0, 0, 0, 0, 0, 0, 0, 0, 0, 0, 0, 0, 0, 0, 0, 0, 0, 0, 0, 0, 0, 0, 0, 0, 0, 0, 0, 0, 0,
0, 0, 0, 0, 0, 0, 0, 0, 0, 0, 0, 0, 0, 0, 0, 0, 0, 0, 0, 0, 0, 0, 0, 0, 0, 0, 0, 0, 0, 0, 0, 0, 0, 0, 0,
0, 0, 0, 0, 0, 0, 0, 0, 0, 0, 0, 0, 0, 0, 0, 0, 0, 0, 0, 0, 0, 0, 0, 0, 0, 0, 0, 0, 0, 0, 0, 0, 0, 0, 0,
0, 0, 0, 0, 0, 0, 0, 0, 0, 0, 0, 0, 0, 0, 0, 0, 0, 0, 0, 0, 0, 0, 0, 0, 0, 0, 0, 0, 0, 0, 0, 0, 0, 0, 0,
0, 0, 0, 0, 0, 0, 0, 0, 0, 0, 0, 0, 0, 0, 0, 0, 0, 0, 0, 0, 0, 0, 0, 0, 0, 0, 0, 0, 0, 0, 0, 0, 0, 0, 0,
0, 0, 0, 0, 0, 0, 0, 0, 0, 0, 0, 0, 0, 0, 0, 0, 0, 0, 0, 0, 0, 0, 0, 0, 0, 0, 0, 0, 0, 0, 0, 0, 0, 0, 0,
0, 0, 0, 0, 0, 0, 0, 0, 0, 0, 0, 0, 0, 0, 0, 0, 0, 0, 0, 0, 0, 0, 0, 0, 0, 0, 0, 0, 0, 0, 0, 0, 0, 0, 0,
0, 0, 0, 0, 0, 0, 0, 0, 0, 0, 0, 0, 0, 0, 0, 0, 0, 0, 0, 0, 0, 0, 0, 0, 0, 0, 0, 0, 0, 0, 0, 0, 0, 0, 0,
0, 0, 0, 0, 0, 0, 0, 0, 0, 0, 0, 0, 0, 0, 0, 0, 0, 0, 0, 0, 0, 0, 0, 0, 0, 0, 0, 0, 0, 0, 0, 0, 0, 0, 0,
0, 0, 0, 0, 0, 0, 0, 0, 0, 0, 0, 0, 0, 0, 0, 0, 0, 0, 0, 0, 0, 0, 0, 0, 0, 0, 0, 0, 0, 0, 0, 0, 0, 0, 0,
0, 0, 0, 0, 0, 0, 0, 0, 0, 0, 0, 0, 0, 0, 0, 0, 0, 0, 0, 0, 0, 0, 0, 0, 0, 0, 0, 0, 0, 0, 0, 0, 0, 0, 0,
0, 0, 0, 0, 0, 0, 0, 0, 0, 0, 0, 0, 0, 0, 0, 0, 0, 0, 0, 0, 0, 0, 0, 0, 0, 0, 0, 0, 0, 0, 0, 0, 0, 0, 0,
0, 0, 0, 0, 0, 0, 0, 0, 0, 0, 0, 0, 0, 0, 0, 0, 0, 0, 0, 0, 0, 0, 0, 0, 0, 0, 0, 0, 0, 0, 0, 0, 0, 0, 0,
0, 0, 0, 0, 0, 0, 0, 0, 0, 0, 0, 0, 0, 0, 0, 0, 0, 0, 0, 0, 0, 0, 0, 0, 0, 0, 0, 0, 0, 0, 0, 0, 0, 0, 0,
0, 0, 0, 0, 0, 0, 0, 0, 0, 0, 0, 0, 0, 0, 0, 0, 0, 0, 0, 0, 0, 0, 0, 0, 0, 0, 0, 0, 0, 0, 0, 0, 0, 0, 0,
0, 0, 0, 0, 0, 0, 0, 0, 0, 0, 0, 0, 0, 0, 0, 0, 0, 0, 0, 0, 0, 0, 0, 0, 0, 0, 0, 0, 0, 0, 0, 0, 0, 0, 0,
0, 0, 0, 0, 0, 0, 0, 0, 0, 0, 0, 0, 0, 0, 0, 0, 0, 0, 0, 0, 0, 0, 0, 0, 0, 0, 0, 0, 0, 0, 0, 0, 0, 0, 0,
0, 0, 0, 
print model ok!
