start rec...
get noise again...
speeking...
frm_num=67
-75, 34, 23, 33, 27, 32, 30, 33, 33, 33, 30, 31, 161, 98, 94, 50, 35, -50, -91, 15, -1, -12, -8, -14, 221, 87, 31, 19, 50, -72, -79, -9, -51, -30, -6,
-5, 213, 76, 65, 55, 29, -38, -69, 8, -25, -46, -37, -24, 229, 96, 57, 52, 12, -68, -59, 24, -14, -22, -38, -28, 229, 69, 68, 61, 14, -72, -46, 27, -20, -55,
-20, -29, 248, 114, 38, 20, 10, -20, -24, -12, -24, -51, -34, -22, 277, -9, 25, 108, 20, -69, -14, 8, -46, -67, -22, 6, 341, -137, -135, 141, 43, -90, -61, 67, -50,
-30, -35, -20, 348, -29, -121, 49, -34, -115, -104, 129, -10, -80, -37, -12, 370, -47, -73, -71, -78, -84, -82, 144, -22, -109, 15, -33, 324, -120, -161, -142, -26, -71, -67, 128,
-22, -118, 37, -11, 340, -119, -103, -141, -40, -85, -57, 101, -11, -163, 69, -44, 319, -118, -105, -116, -15, -143, -45, 154, 2, -201, 63, -4, 222, -163, -162, -81, -69, -165, 24,
143, 11, -204, 105, -8, 257, -108, -65, -71, -98, -165, 13, 131, -9, -222, 105, -42, 291, -142, -61, -109, -119, -162, 22, 49, -61, -144, 87, -88, 230, -197, 34, -34, -125, -114,
3, 89, -43, -108, 133, -77, 265, -135, 44, -88, -156, -130, 35, 46, -37, -111, 69, -10, 286, -93, 1, -22, -84, -138, 14, 148, 17, -162, 43, -19, 265, -150, -13, 66, -2,
-107, 34, 98, -40, -158, 0, -39, 312, -132, 38, 86, -30, -98, 43, 44, -89, -133, 22, -7, 321, -36, 53, 27, -97, -142, 43, 69, -49, -113, 8, -5, 304, -109, 29, 54,
-55, -120, 40, 102, 15, -160, 75, -12, 246, -97, 37, 79, -46, -107, 42, 135, -15, -106, 56, 6, 324, -107, 24, 48, -26, -144, 28, 46, -42, -72, 36, -43, 278, 14, 40,
1, -31, -89, -20, 37, -15, -42, 41, -34, 306, -13, 64, 28, -81, -103, -3, 81, 5, -47, 62, -54, 357, -5, -23, 6, -93, -120, 24, 78, -10, -66, 45, -34, 300, 23,
-5, -6, -13, -85, 16, 63, 2, -91, 1, -23, 334, 43, 93, 26, -72, -127, -65, 61, 20, -90, 13, 3, 326, 76, 49, -4, -45, -124, -46, 44, -36, -61, -17, -42, 295,
34, 43, -51, 22, -134, -31, 45, -35, -91, -73, -1, 169, -30, 9, -152, -11, -18, 54, -13, 31, -31, -44, 2, 173, -65, -64, -142, 3, -19, 19, 4, 64, -100, -13, -9,
161, -18, -16, -125, 55, -17, -28, -2, 13, -98, -27, -12, 148, 54, -72, -135, 110, -2, 22, -33, -50, -91, -37, -1, 85, -48, -75, -72, 47, 39, 49, -51, -24, -87, -14,
-9, 46, -88, -77, -156, 77, 137, 88, -35, 6, -42, 19, -5, 140, -91, -57, -150, 93, 119, 44, -57, -59, -111, -18, -24, 159, -47, -141, -151, 79, 97, 7, -50, -27, -60,
-17, -13, 109, -89, -193, -224, 75, 113, 50, -6, 5, -62, 63, -21, 156, -43, -215, -188, 59, 92, 24, 7, -4, -81, 8, -46, 178, -17, -177, -197, 63, 66, -44, 56, -46,
-150, -17, -35, 152, 12, -142, -201, 32, 19, -24, 63, -37, -103, -34, -37, 204, -2, -112, -238, 32, -25, -55, 61, -5, -110, 20, -77, 256, 102, -112, -200, -39, -27, 0, 63,
-21, -61, 35, -41, 195, 58, -72, -172, -19, -44, 21, 75, -3, -51, 42, -63, 178, 121, -16, -86, 41, -58, -86, 20, -41, -27, 101, -64, 233, 101, -61, -38, 75, -26, -92,
-38, -59, -40, 53, -50, 253, 96, -85, -15, 112, -3, -17, -34, -39, -73, -16, -52, 258, 73, -74, -60, 72, -9, -35, 9, -7, 21, -5, -71, 247, 63, -49, -55, 19, 2,
-23, 48, 15, -3, 1, -43, 236, 80, -10, -90, 30, -55, -40, 22, 40, -1, 14, -73, 138, 123, -11, -30, -9, -16, -62, 73, 6, 4, -1, 6, 19, 131, -52, 11, -35,
-63, -76, 76, 13, 55, 35, -2, -4, 187, -162, 39, -37, -41, -61, 113, 10, 39, 15, 11, -123, 278, -146, 6, -84, 23, -85, 70, 36, 35, -28, 1, -41, 239, -174, 125,
-67, 72, -81, 18, -16, -51, 4, 8, 105, 232, -120, -29, -20, 5, -48, 22, -42, -2, -22, -4, 146, 244, -125, -83, -106, 19, 37, 37, -18, 15, -93, -40, 194, 193, -143,
-111, -133, 43, 21, 45, 30, -40, -83, -52, 217, 89, -143, -81, -57, 78, 17, 28, 0, -24, -144, -67, 205, 51, -133, -4, -84, 39, 1, 39, -65, 6, -58, -35, 177, -18,
-90, -4, -51, 52, 47, 24, -87, 4, -29, -40, 221, -29, -154, -28, -47, 44, 37, 52, -126, -6, -21, -25, 195, -60, -132, -40, 8, 49, 25, 65, -109, -59, -13, -26, 0,
0, 0, 0, 0, 0, 0, 0, 0, 0, 0, 0, 0, 0, 0, 0, 0, 0, 0, 0, 0, 0, 0, 0, 0, 0, 0, 0, 0, 0, 0, 0, 0, 0, 0, 0,
0, 0, 0, 0, 0, 0, 0, 0, 0, 0, 0, 0, 0, 0, 0, 0, 0, 0, 0, 0, 0, 0, 0, 0, 0, 0, 0, 0, 0, 0, 0, 0, 0, 0, 0,
0, 0, 0, 0, 0, 0, 0, 0, 0, 0, 0, 0, 0, 0, 0, 0, 0, 0, 0, 0, 0, 0, 0, 0, 0, 0, 0, 0, 0, 0, 0, 0, 0, 0, 0,
0, 0, 0, 0, 0, 0, 0, 0, 0, 0, 0, 0, 0, 0, 0, 0, 0, 0, 0, 0, 0, 0, 0, 0, 0, 0, 0, 0, 0, 0, 0, 0, 0, 0, 0,
0, 0, 0, 0, 0, 0, 0, 0, 0, 0, 0, 0, 0, 0, 0, 0, 0, 0, 0, 0, 0, 0, 0, 0, 0, 0, 0, 0, 0, 0, 0, 0, 0, 0, 0,
0, 0, 0, 0, 0, 0, 0, 0, 0, 0, 0, 0, 0, 0, 0, 0, 0, 0, 0, 0, 0, 0, 0, 0, 0, 0, 0, 0, 0, 0, 0, 0, 0, 0, 0,
0, 0, 0, 0, 0, 0, 0, 0, 0, 0, 0, 0, 0, 0, 0, 0, 0, 0, 0, 0, 0, 0, 0, 0, 0, 0, 0, 0, 0, 0, 0, 0, 0, 0, 0,
0, 0, 0, 0, 0, 0, 0, 0, 0, 0, 0, 0, 0, 0, 0, 0, 0, 0, 0, 0, 0, 0, 0, 0, 0, 0, 0, 0, 0, 0, 0, 0, 0, 0, 0,
0, 0, 0, 0, 0, 0, 0, 0, 0, 0, 0, 0, 0, 0, 0, 0, 0, 0, 0, 0, 0, 0, 0, 0, 0, 0, 0, 0, 0, 0, 0, 0, 0, 0, 0,
0, 0, 0, 0, 0, 0, 0, 0, 0, 0, 0, 0, 0, 0, 0, 0, 0, 0, 0, 0, 0, 0, 0, 0, 0, 0, 0, 0, 0, 0, 0, 0, 0, 0, 0,
0, 0, 0, 0, 0, 0, 0, 0, 0, 0, 0, 0, 0, 0, 0, 0, 0, 0, 0, 0, 0, 0, 0, 0, 0, 0, 0, 0, 0, 0, 0, 0, 0, 0, 0,
0, 0, 0, 0, 0, 0, 0, 0, 0, 0, 0, 0, 0, 0, 0, 0, 0, 0, 0, 0, 0, 0, 0, 0, 0, 0, 0, 0, 0, 0, 0, 0, 0, 0, 0,
0, 0, 0, 0, 0, 0, 0, 0, 0, 0, 0, 0, 0, 0, 0, 0, 0, 0, 0, 0, 0, 0, 0, 0, 0, 0, 0, 0, 0, 0, 0, 0, 0, 0, 0,
0, 0, 0, 0, 0, 0, 0, 0, 0, 0, 0, 0, 0, 0, 0, 0, 0, 0, 0, 0, 0, 0, 0, 0, 0, 0, 0, 0, 0, 0, 0, 0, 0, 0, 0,
0, 0, 0, 0, 0, 0, 0, 0, 0, 0, 0, 0, 0, 0, 0, 0, 0, 0, 0, 0, 0, 0, 0, 0, 0, 0, 0, 0, 0, 0, 0, 0, 0, 0, 0,
0, 0, 0, 0, 0, 0, 0, 0, 0, 0, 0, 0, 0, 0, 0, 0, 0, 0, 0, 0, 0, 0, 0, 0, 0, 0, 0, 0, 0, 0, 0, 0, 0, 0, 0,
0, 0, 0, 0, 0, 0, 0, 0, 0, 0, 0, 0, 0, 0, 0, 0, 0, 0, 0, 0, 0, 0, 0, 0, 0, 0, 0, 0, 0, 0, 0, 0, 0, 0, 0,
0, 0, 0, 0, 0, 0, 0, 0, 0, 0, 0, 0, 0, 0, 0, 0, 0, 0, 0, 0, 0, 0, 0, 0, 0, 0, 0, 0, 0, 0, 0, 0, 0, 0, 0,
0, 0, 0, 0, 0, 0, 0, 0, 0, 0, 0, 0, 0, 0, 0, 0, 0, 0, 0, 0, 0, 0, 0, 0, 0, 0, 0, 0, 0, 0, 0, 0, 0, 0, 0,
0, 0, 0, 0, 0, 0, 0, 0, 0, 0, 0, 0, 0, 0, 0, 0, 0, 0, 0, 0, 0, 0, 0, 0, 0, 0, 0, 0, 0, 0, 0, 0, 0, 0, 0,
0, 0, 0, 0, 0, 0, 0, 0, 0, 0, 0, 0, 0, 0, 0, 0, 0, 0, 0, 0, 0, 0, 0, 0, 0, 0, 0, 0, 0, 0, 0, 0, 0, 0, 0,
0, 0, 0, 0, 0, 0, 0, 0, 0, 0, 0, 0, 0, 0, 0, 0, 0, 0, 0, 0, 0, 0, 0, 0, 0, 0, 0, 0, 0, 0, 0, 0, 0, 0, 0,
0, 0, 0, 0, 0, 0, 0, 0, 0, 0, 0, 0, 0, 0, 0, 0, 0, 0, 0, 0, 0, 0, 0, 0, 0, 0, 0, 0, 0, 0, 0, 0, 0, 0, 0,
0, 0, 0, 0, 0, 0, 0, 0, 0, 0, 0, 0, 0, 0, 0, 0, 0, 0, 0, 0, 0, 0, 0, 0, 0, 0, 0, 0, 0, 0, 0, 0, 0, 0, 0,
0, 0, 0, 0, 0, 0, 0, 0, 0, 0, 0, 0, 0, 0, 0, 0, 0, 0, 0, 0, 0, 0, 0, 0, 0, 0, 0, 0, 0, 0, 0, 0, 0, 0, 0,
0, 0, 0, 0, 0, 0, 0, 0, 0, 0, 0, 0, 0, 0, 0, 0, 0, 0, 0, 0, 0, 0, 0, 0, 0, 0, 0, 0, 0, 0, 0, 0, 0, 0, 0,
0, 0, 0, 0, 0, 0, 0, 0, 0, 0, 0, 0, 0, 0, 0, 0, 0, 0, 0, 0, 0, 0, 0, 0, 0, 0, 0, 0, 0, 0, 0, 0, 0, 0, 0,
0, 0, 0, 0, 0, 0, 0, 0, 0, 0, 0, 0, 0, 0, 0, 0, 0, 0, 0, 0, 0, 0, 0, 0, 0, 0, 0, 0, 0, 0, 0, 0, 0, 0, 0,
0, 0, 0, 0, 0, 0, 0, 0, 0, 0, 0, 0, 0, 0, 0, 0, 0, 0, 0, 0, 0, 0, 0, 0, 0, 0, 0, 0, 0, 0, 0, 0, 0, 0, 0,
0, 0, 0, 0, 0, 0, 0, 0, 0, 0, 0, 0, 0, 0, 0, 0, 0, 0, 0, 0, 0, 0, 0, 0, 0, 0, 0, 0, 0, 0, 0, 0, 0, 0, 0,
0, 0, 0, 0, 0, 0, 0, 0, 0, 0, 0, 0, 0, 0, 0, 0, 0, 0, 0, 0, 0, 0, 0, 0, 0, 0, 0, 0, 0, 0, 0, 0, 0, 0, 0,
0, 0, 0, 0, 0, 0, 0, 0, 0, 0, 0, 0, 0, 0, 0, 0, 0, 0, 0, 0, 0, 0, 0, 0, 0, 0, 0, 0, 0, 0, 0, 0, 0, 0, 0,
0, 0, 0, 0, 0, 0, 0, 0, 0, 0, 0, 0, 0, 0, 0, 0, 0, 0, 0, 0, 0, 0, 0, 0, 0, 0, 0, 0, 0, 0, 0, 0, 0, 0, 0,
0, 0, 0, 0, 0, 0, 0, 0, 0, 0, 0, 0, 0, 0, 0, 0, 0, 0, 0, 0, 0, 0, 0, 0, 0, 0, 0, 0, 0, 0, 0, 0, 0, 0, 0,
0, 0, 0, 0, 0, 0, 0, 0, 0, 0, 0, 0, 0, 0, 0, 0, 0, 0, 0, 0, 0, 0, 0, 0, 0, 0, 0, 0, 0, 0, 0, 0, 0, 0, 0,
0, 0, 0, 0, 0, 0, 0, 0, 0, 0, 0, 0, 0, 0, 0, 0, 0, 0, 0, 0, 0, 0, 0, 0, 0, 0, 0, 0, 0, 0, 0, 0, 0, 0, 0,
0, 0, 0, 0, 0, 0, 0, 0, 0, 0, 0, 0, 0, 0, 0, 0, 0, 0, 0, 0, 0, 0, 0, 0, 0, 0, 0, 0, 0, 0, 0, 0, 0, 0, 0,
0, 0, 0, 0, 0, 0, 0, 0, 0, 0, 0, 0, 0, 0, 0, 0, 0, 0, 0, 0, 0, 0, 0, 0, 0, 0, 0, 0, 0, 0, 0, 0, 0, 0, 0,
0, 0, 0, 0, 0, 0, 0, 0, 0, 0, 0, 0, 0, 0, 0, 0, 0, 0, 0, 0, 0, 0, 0, 0, 0, 0, 0, 0, 0, 0, 0, 0, 0, 0, 0,
0, 0, 0, 0, 0, 0, 0, 0, 0, 0, 0, 0, 0, 0, 0, 0, 0, 0, 0, 0, 0, 0, 0, 0, 0, 0, 0, 0, 0, 0, 0, 0, 0, 0, 0,
0, 0, 0, 0, 0, 0, 0, 0, 0, 0, 0, 0, 0, 0, 0, 0, 0, 0, 0, 0, 0, 0, 0, 0, 0, 0, 0, 0, 0, 0, 0, 0, 0, 0, 0,
0, 0, 0, 0, 0, 0, 0, 0, 0, 0, 0, 0, 0, 0, 0, 0, 0, 0, 0, 0, 0, 0, 0, 0, 0, 0, 0, 0, 0, 0, 0, 0, 0, 0, 0,
0, 0, 0, 0, 0, 0, 0, 0, 0, 0, 0, 0, 0, 0, 0, 0, 0, 0, 0, 0, 0, 0, 0, 0, 0, 0, 0, 0, 0, 0, 0, 0, 0, 0, 0,
0, 0, 0, 0, 0, 0, 0, 0, 0, 0, 0, 0, 0, 0, 0, 0, 0, 0, 0, 0, 0, 0, 0, 0, 0, 0, 0, 0, 0, 0, 0, 0, 0, 0, 0,
0, 0, 0, 0, 0, 0, 0, 0, 0, 0, 0, 0, 0, 0, 0, 0, 0, 0, 0, 0, 0, 0, 0, 0, 0, 0, 0, 0, 0, 0, 0, 0, 0, 0, 0,
0, 0, 0, 0, 0, 0, 0, 0, 0, 0, 0, 0, 0, 0, 0, 0, 0, 0, 0, 0, 0, 0, 0, 0, 0, 0, 0, 0, 0, 0, 0, 0, 0, 0, 0,
0, 0, 0, 0, 0, 0, 0, 0, 0, 0, 0, 0, 0, 0, 0, 0, 0, 0, 0, 0, 0, 0, 0, 0, 0, 0, 0, 0, 0, 0, 0, 0, 0, 0, 0,
0, 0, 0, 0, 0, 0, 0, 0, 0, 0, 0, 0, 0, 0, 0, 0, 0, 0, 0, 0, 0, 0, 0, 0, 0, 0, 0, 0, 0, 0, 0, 0, 0, 0, 0,
0, 0, 0, 0, 0, 0, 0, 0, 0, 0, 0, 0, 0, 0, 0, 0, 0, 0, 0, 0, 0, 0, 0, 0, 0, 0, 0, 0, 0, 0, 0, 0, 0, 0, 0,
0, 0, 0, 0, 0, 0, 0, 0, 0, 0, 0, 0, 0, 0, 0, 0, 0, 0, 0, 0, 0, 0, 0, 0, 0, 0, 0, 0, 0, 0, 0, 0, 0, 0, 0,
0, 0, 0, 0, 0, 0, 0, 0, 0, 0, 0, 0, 0, 0, 0, 0, 0, 0, 0, 0, 0, 0, 0, 0, 0, 0, 0, 0, 0, 0, 0, 0, 0, 0, 0,
0, 0, 0, 0, 0, 0, 0, 0, 0, 0, 0, 0, 0, 0, 0, 0, 0, 0, 0, 0, 0, 0, 0, 0, 0, 0, 0, 0, 0, 0, 0, 0, 0, 0, 0,
0, 0, 0, 
print model ok!

start rec...
get noise again...
speeking...
frm_num=69
-68, 26, 16, 25, 21, 26, 23, 27, 25, 26, 24, 23, 165, 78, 55, 5, 32, -45, -47, -45, -18, -28, 4, -7, 166, 67, 61, 57, 23, -16, -57, -21, -24, -61, -6,
-5, 175, 49, 73, 106, 62, -46, -31, 1, -67, -74, -28, -14, 249, 118, 30, 42, 18, -61, -14, 18, -50, -71, -32, -40, 257, 128, 22, 28, 25, 10, -16, -27, -42, -57,
-47, -40, 294, 103, 56, 25, 40, -52, -33, 28, -38, -60, -18, -45, 283, 127, 59, 37, 10, -59, -53, 38, -7, -56, -32, -44, 342, -101, -75, 127, 74, -62, -47, 50, -8,
-67, -39, -19, 326, -97, -89, 127, 66, -68, -38, 58, -24, -68, -34, -19, 410, -61, -100, 56, -18, -118, -89, 92, 8, -68, -3, -2, 423, -68, -90, -11, -14, -92, -68, 77,
8, -98, -18, -45, 429, -117, -113, -63, -28, -54, -37, 93, -28, -123, 11, -15, 356, -155, -169, -91, -32, -65, 9, 104, -40, -118, 64, -29, 343, -138, -86, -91, -28, -20, -8,
91, -60, -158, 22, -16, 348, -168, -71, -52, 1, -57, 2, 101, -84, -162, 34, -54, 278, -199, -8, -66, -20, -78, -1, 127, -30, -147, 38, -55, 279, -175, -18, -134, -110, -33,
23, 91, -3, -121, 59, -10, 326, -218, -56, -76, -137, -102, -53, 94, -13, -108, 37, -11, 321, -77, 12, -91, -68, -82, -22, 58, -56, -122, 48, -35, 357, -98, 35, -1, -69,
-121, 47, 65, -22, -148, 2, -24, 306, -101, -8, 3, -8, -24, 32, 78, -40, -102, -14, -43, 259, -75, 44, 62, -28, -69, -9, 95, -33, -66, 7, -35, 334, -43, 37, 12,
-83, -96, -15, 100, -37, -101, 33, -4, 276, -69, 63, 4, -87, -69, 21, 95, -52, -88, 66, 14, 261, -37, 61, 58, -46, -113, -4, 73, -59, -65, 37, 12, 229, 75, 27,
33, -43, -80, -27, 37, -18, -83, 4, -11, 290, 16, 59, 0, -26, -73, 0, 53, -50, -106, -6, -11, 333, 38, 61, 29, -31, -168, -24, 70, -33, -75, -7, -3, 321, 64,
59, 44, -6, -173, -26, 72, -35, -81, -56, -33, 326, 22, 31, 47, 18, -93, -33, 18, -65, -98, -36, -12, 258, -7, 56, -149, 42, -54, -43, 42, -47, -64, -87, 2, 202,
-117, -37, -192, 60, 3, 6, 37, 8, -136, -80, 24, 124, -184, -55, -217, 1, 0, -87, -32, 46, -113, -63, 6, 153, -132, -52, -166, 37, 58, -54, -44, 27, -117, -17, 4,
205, -151, -13, -167, 53, 60, -51, -6, -15, -111, -23, -5, 222, -107, -29, -181, 66, 63, -81, -23, 5, -102, -39, 5, 198, -95, -44, -177, 74, 92, -90, -12, 52, -137, -58,
1, 177, -129, -33, -195, 49, 53, -70, 7, 26, -116, -51, 8, 151, -148, -48, -209, 33, 37, -33, 42, 35, -107, -15, 28, 146, -88, -56, -258, 5, 37, -45, 53, 38, -105,
-5, -1, 164, -25, -37, -280, -14, 31, -24, 43, 7, -111, 22, -42, 155, 23, 21, -239, -17, 10, -40, 53, -45, -97, 47, -37, 202, 15, 3, -201, -9, -5, -92, 40, -23,
-96, 17, -45, 220, -7, 4, -190, 28, 45, -42, 42, -30, -118, 27, -20, 265, 26, 20, -168, 59, 46, -29, 60, -70, -97, -54, -43, 237, 2, 53, -106, 105, 15, -10, 49,
-49, -133, -24, -69, 221, 49, 57, -113, 83, 54, -19, 44, -52, -98, -22, -40, 161, 61, 130, -114, 40, 13, -11, 79, -36, -96, 5, -39, 130, 33, 116, -117, 42, -3, 20,
97, -39, -111, -45, -54, 114, 13, 42, -64, 87, -6, -53, 72, 8, -3, -15, -34, 75, 7, 20, -73, 17, 11, -62, 84, -1, 4, 33, 40, 97, 145, -31, -28, -15, 13,
-32, 99, -70, -32, 5, 18, 41, 195, -23, 31, 19, 61, -40, 74, -76, -66, -58, -20, 80, 203, -56, 35, 1, 17, -27, 74, -40, -13, -53, -35, 116, 188, -74, -16, -4,
0, -27, 71, 1, -33, -80, -18, 162, 173, -57, -94, -63, 38, -44, 37, 39, -7, -122, 13, 255, 104, -80, -175, -68, 64, -21, 19, 52, -5, -112, -27, 257, 48, -80, -187,
-63, 57, 11, -1, 21, 10, -126, -31, 217, 16, -38, -158, -11, 65, -20, 16, 1, 5, -110, -26, 264, -15, -134, -154, 16, 117, 0, 6, -20, -37, -66, -54, 254, -42, -160,
-115, 37, 72, 1, 16, -52, -20, -46, -16, 255, -90, -138, -131, 27, 85, 16, 5, -71, 23, -82, 5, 239, -89, -146, -119, 85, 23, -7, 8, -55, 31, -75, -4, 200, -147,
-140, -49, 54, -4, 2, 42, -48, 8, -51, -29, 151, -208, -160, -69, 33, 22, 20, 30, -36, 62, -29, 27, 198, -149, -105, -39, 35, -28, -2, 27, -47, 46, -4, 22, 260,
-40, -79, -111, 11, 17, 26, 24, -55, -13, 2, -6, 304, -58, -136, -40, 19, 46, 23, 50, -62, 0, -68, -38, 0, 0, 0, 0, 0, 0, 0, 0, 0, 0, 0, 0,
0, 0, 0, 0, 0, 0, 0, 0, 0, 0, 0, 0, 0, 0, 0, 0, 0, 0, 0, 0, 0, 0, 0, 0, 0, 0, 0, 0, 0, 0, 0, 0, 0, 0, 0,
0, 0, 0, 0, 0, 0, 0, 0, 0, 0, 0, 0, 0, 0, 0, 0, 0, 0, 0, 0, 0, 0, 0, 0, 0, 0, 0, 0, 0, 0, 0, 0, 0, 0, 0,
0, 0, 0, 0, 0, 0, 0, 0, 0, 0, 0, 0, 0, 0, 0, 0, 0, 0, 0, 0, 0, 0, 0, 0, 0, 0, 0, 0, 0, 0, 0, 0, 0, 0, 0,
0, 0, 0, 0, 0, 0, 0, 0, 0, 0, 0, 0, 0, 0, 0, 0, 0, 0, 0, 0, 0, 0, 0, 0, 0, 0, 0, 0, 0, 0, 0, 0, 0, 0, 0,
0, 0, 0, 0, 0, 0, 0, 0, 0, 0, 0, 0, 0, 0, 0, 0, 0, 0, 0, 0, 0, 0, 0, 0, 0, 0, 0, 0, 0, 0, 0, 0, 0, 0, 0,
0, 0, 0, 0, 0, 0, 0, 0, 0, 0, 0, 0, 0, 0, 0, 0, 0, 0, 0, 0, 0, 0, 0, 0, 0, 0, 0, 0, 0, 0, 0, 0, 0, 0, 0,
0, 0, 0, 0, 0, 0, 0, 0, 0, 0, 0, 0, 0, 0, 0, 0, 0, 0, 0, 0, 0, 0, 0, 0, 0, 0, 0, 0, 0, 0, 0, 0, 0, 0, 0,
0, 0, 0, 0, 0, 0, 0, 0, 0, 0, 0, 0, 0, 0, 0, 0, 0, 0, 0, 0, 0, 0, 0, 0, 0, 0, 0, 0, 0, 0, 0, 0, 0, 0, 0,
0, 0, 0, 0, 0, 0, 0, 0, 0, 0, 0, 0, 0, 0, 0, 0, 0, 0, 0, 0, 0, 0, 0, 0, 0, 0, 0, 0, 0, 0, 0, 0, 0, 0, 0,
0, 0, 0, 0, 0, 0, 0, 0, 0, 0, 0, 0, 0, 0, 0, 0, 0, 0, 0, 0, 0, 0, 0, 0, 0, 0, 0, 0, 0, 0, 0, 0, 0, 0, 0,
0, 0, 0, 0, 0, 0, 0, 0, 0, 0, 0, 0, 0, 0, 0, 0, 0, 0, 0, 0, 0, 0, 0, 0, 0, 0, 0, 0, 0, 0, 0, 0, 0, 0, 0,
0, 0, 0, 0, 0, 0, 0, 0, 0, 0, 0, 0, 0, 0, 0, 0, 0, 0, 0, 0, 0, 0, 0, 0, 0, 0, 0, 0, 0, 0, 0, 0, 0, 0, 0,
0, 0, 0, 0, 0, 0, 0, 0, 0, 0, 0, 0, 0, 0, 0, 0, 0, 0, 0, 0, 0, 0, 0, 0, 0, 0, 0, 0, 0, 0, 0, 0, 0, 0, 0,
0, 0, 0, 0, 0, 0, 0, 0, 0, 0, 0, 0, 0, 0, 0, 0, 0, 0, 0, 0, 0, 0, 0, 0, 0, 0, 0, 0, 0, 0, 0, 0, 0, 0, 0,
0, 0, 0, 0, 0, 0, 0, 0, 0, 0, 0, 0, 0, 0, 0, 0, 0, 0, 0, 0, 0, 0, 0, 0, 0, 0, 0, 0, 0, 0, 0, 0, 0, 0, 0,
0, 0, 0, 0, 0, 0, 0, 0, 0, 0, 0, 0, 0, 0, 0, 0, 0, 0, 0, 0, 0, 0, 0, 0, 0, 0, 0, 0, 0, 0, 0, 0, 0, 0, 0,
0, 0, 0, 0, 0, 0, 0, 0, 0, 0, 0, 0, 0, 0, 0, 0, 0, 0, 0, 0, 0, 0, 0, 0, 0, 0, 0, 0, 0, 0, 0, 0, 0, 0, 0,
0, 0, 0, 0, 0, 0, 0, 0, 0, 0, 0, 0, 0, 0, 0, 0, 0, 0, 0, 0, 0, 0, 0, 0, 0, 0, 0, 0, 0, 0, 0, 0, 0, 0, 0,
0, 0, 0, 0, 0, 0, 0, 0, 0, 0, 0, 0, 0, 0, 0, 0, 0, 0, 0, 0, 0, 0, 0, 0, 0, 0, 0, 0, 0, 0, 0, 0, 0, 0, 0,
0, 0, 0, 0, 0, 0, 0, 0, 0, 0, 0, 0, 0, 0, 0, 0, 0, 0, 0, 0, 0, 0, 0, 0, 0, 0, 0, 0, 0, 0, 0, 0, 0, 0, 0,
0, 0, 0, 0, 0, 0, 0, 0, 0, 0, 0, 0, 0, 0, 0, 0, 0, 0, 0, 0, 0, 0, 0, 0, 0, 0, 0, 0, 0, 0, 0, 0, 0, 0, 0,
0, 0, 0, 0, 0, 0, 0, 0, 0, 0, 0, 0, 0, 0, 0, 0, 0, 0, 0, 0, 0, 0, 0, 0, 0, 0, 0, 0, 0, 0, 0, 0, 0, 0, 0,
0, 0, 0, 0, 0, 0, 0, 0, 0, 0, 0, 0, 0, 0, 0, 0, 0, 0, 0, 0, 0, 0, 0, 0, 0, 0, 0, 0, 0, 0, 0, 0, 0, 0, 0,
0, 0, 0, 0, 0, 0, 0, 0, 0, 0, 0, 0, 0, 0, 0, 0, 0, 0, 0, 0, 0, 0, 0, 0, 0, 0, 0, 0, 0, 0, 0, 0, 0, 0, 0,
0, 0, 0, 0, 0, 0, 0, 0, 0, 0, 0, 0, 0, 0, 0, 0, 0, 0, 0, 0, 0, 0, 0, 0, 0, 0, 0, 0, 0, 0, 0, 0, 0, 0, 0,
0, 0, 0, 0, 0, 0, 0, 0, 0, 0, 0, 0, 0, 0, 0, 0, 0, 0, 0, 0, 0, 0, 0, 0, 0, 0, 0, 0, 0, 0, 0, 0, 0, 0, 0,
0, 0, 0, 0, 0, 0, 0, 0, 0, 0, 0, 0, 0, 0, 0, 0, 0, 0, 0, 0, 0, 0, 0, 0, 0, 0, 0, 0, 0, 0, 0, 0, 0, 0, 0,
0, 0, 0, 0, 0, 0, 0, 0, 0, 0, 0, 0, 0, 0, 0, 0, 0, 0, 0, 0, 0, 0, 0, 0, 0, 0, 0, 0, 0, 0, 0, 0, 0, 0, 0,
0, 0, 0, 0, 0, 0, 0, 0, 0, 0, 0, 0, 0, 0, 0, 0, 0, 0, 0, 0, 0, 0, 0, 0, 0, 0, 0, 0, 0, 0, 0, 0, 0, 0, 0,
0, 0, 0, 0, 0, 0, 0, 0, 0, 0, 0, 0, 0, 0, 0, 0, 0, 0, 0, 0, 0, 0, 0, 0, 0, 0, 0, 0, 0, 0, 0, 0, 0, 0, 0,
0, 0, 0, 0, 0, 0, 0, 0, 0, 0, 0, 0, 0, 0, 0, 0, 0, 0, 0, 0, 0, 0, 0, 0, 0, 0, 0, 0, 0, 0, 0, 0, 0, 0, 0,
0, 0, 0, 0, 0, 0, 0, 0, 0, 0, 0, 0, 0, 0, 0, 0, 0, 0, 0, 0, 0, 0, 0, 0, 0, 0, 0, 0, 0, 0, 0, 0, 0, 0, 0,
0, 0, 0, 0, 0, 0, 0, 0, 0, 0, 0, 0, 0, 0, 0, 0, 0, 0, 0, 0, 0, 0, 0, 0, 0, 0, 0, 0, 0, 0, 0, 0, 0, 0, 0,
0, 0, 0, 0, 0, 0, 0, 0, 0, 0, 0, 0, 0, 0, 0, 0, 0, 0, 0, 0, 0, 0, 0, 0, 0, 0, 0, 0, 0, 0, 0, 0, 0, 0, 0,
0, 0, 0, 0, 0, 0, 0, 0, 0, 0, 0, 0, 0, 0, 0, 0, 0, 0, 0, 0, 0, 0, 0, 0, 0, 0, 0, 0, 0, 0, 0, 0, 0, 0, 0,
0, 0, 0, 0, 0, 0, 0, 0, 0, 0, 0, 0, 0, 0, 0, 0, 0, 0, 0, 0, 0, 0, 0, 0, 0, 0, 0, 0, 0, 0, 0, 0, 0, 0, 0,
0, 0, 0, 0, 0, 0, 0, 0, 0, 0, 0, 0, 0, 0, 0, 0, 0, 0, 0, 0, 0, 0, 0, 0, 0, 0, 0, 0, 0, 0, 0, 0, 0, 0, 0,
0, 0, 0, 0, 0, 0, 0, 0, 0, 0, 0, 0, 0, 0, 0, 0, 0, 0, 0, 0, 0, 0, 0, 0, 0, 0, 0, 0, 0, 0, 0, 0, 0, 0, 0,
0, 0, 0, 0, 0, 0, 0, 0, 0, 0, 0, 0, 0, 0, 0, 0, 0, 0, 0, 0, 0, 0, 0, 0, 0, 0, 0, 0, 0, 0, 0, 0, 0, 0, 0,
0, 0, 0, 0, 0, 0, 0, 0, 0, 0, 0, 0, 0, 0, 0, 0, 0, 0, 0, 0, 0, 0, 0, 0, 0, 0, 0, 0, 0, 0, 0, 0, 0, 0, 0,
0, 0, 0, 0, 0, 0, 0, 0, 0, 0, 0, 0, 0, 0, 0, 0, 0, 0, 0, 0, 0, 0, 0, 0, 0, 0, 0, 0, 0, 0, 0, 0, 0, 0, 0,
0, 0, 0, 0, 0, 0, 0, 0, 0, 0, 0, 0, 0, 0, 0, 0, 0, 0, 0, 0, 0, 0, 0, 0, 0, 0, 0, 0, 0, 0, 0, 0, 0, 0, 0,
0, 0, 0, 0, 0, 0, 0, 0, 0, 0, 0, 0, 0, 0, 0, 0, 0, 0, 0, 0, 0, 0, 0, 0, 0, 0, 0, 0, 0, 0, 0, 0, 0, 0, 0,
0, 0, 0, 0, 0, 0, 0, 0, 0, 0, 0, 0, 0, 0, 0, 0, 0, 0, 0, 0, 0, 0, 0, 0, 0, 0, 0, 0, 0, 0, 0, 0, 0, 0, 0,
0, 0, 0, 0, 0, 0, 0, 0, 0, 0, 0, 0, 0, 0, 0, 0, 0, 0, 0, 0, 0, 0, 0, 0, 0, 0, 0, 0, 0, 0, 0, 0, 0, 0, 0,
0, 0, 0, 0, 0, 0, 0, 0, 0, 0, 0, 0, 0, 0, 0, 0, 0, 0, 0, 0, 0, 0, 0, 0, 0, 0, 0, 0, 0, 0, 0, 0, 0, 0, 0,
0, 0, 0, 0, 0, 0, 0, 0, 0, 0, 0, 0, 0, 0, 0, 0, 0, 0, 0, 0, 0, 0, 0, 0, 0, 0, 0, 0, 0, 0, 0, 0, 0, 0, 0,
0, 0, 0, 0, 0, 0, 0, 0, 0, 0, 0, 0, 0, 0, 0, 0, 0, 0, 0, 0, 0, 0, 0, 0, 0, 0, 0, 0, 0, 0, 0, 0, 0, 0, 0,
0, 0, 0, 0, 0, 0, 0, 0, 0, 0, 0, 0, 0, 0, 0, 0, 0, 0, 0, 0, 0, 0, 0, 0, 0, 0, 0, 0, 0, 0, 0, 0, 0, 0, 0,
0, 0, 0, 0, 0, 0, 0, 0, 0, 0, 0, 0, 0, 0, 0, 0, 0, 0, 0, 0, 0, 0, 0, 0, 0, 0, 0, 0, 0, 0, 0, 0, 0, 0, 0,
0, 0, 0, 0, 0, 0, 0, 0, 0, 0, 0, 0, 0, 0, 0, 0, 0, 0, 0, 0, 0, 0, 0, 0, 0, 0, 0, 0, 0, 0, 0, 0, 0, 0, 0,
0, 0, 0, 
print model ok!

start rec...
get noise again...
speeking...
frm_num=74
-77, 35, 23, 34, 29, 35, 31, 34, 34, 35, 32, 32, 69, 79, 121, 63, 61, -1, 1, 15, -44, -65, 19, 27, 130, 25, 76, 102, 126, -28, -33, 10, 7, -63, -18,
-27, 177, -183, -42, 192, 211, -38, -58, 40, -54, -81, 6, 28, 215, -243, -120, 189, 120, -54, -52, 117, 9, -115, -27, -8, 196, -157, -51, 190, 181, -87, -142, 0, -50, -26,
-31, 5, 347, -48, -85, 17, -36, -162, -87, 102, 30, -86, -58, -34, 383, -61, -77, 12, -45, -230, -76, 129, 17, -82, -46, -10, 391, -115, -156, 14, -25, -166, -64, 93, 47,
-94, -23, 4, 349, -163, -126, 3, -29, -147, -63, 110, 2, -114, -10, 14, 314, -83, -72, -43, -31, -167, -31, 106, 41, -181, -22, -31, 351, -121, -68, -42, -79, -166, 4, 129,
-21, -156, 5, 0, 339, -168, -50, -28, -114, -160, 1, 133, -8, -116, 52, 31, 277, -178, -32, -104, -185, -194, -14, 113, -38, -118, 78, 42, 376, -129, -58, 14, -78, -229, 1,
112, 27, -79, 65, 30, 397, -99, -26, 48, -36, -136, -38, 78, -2, -101, 28, 7, 350, -16, -8, 78, 0, -122, -24, 41, -92, -83, 27, 22, 361, 9, 55, 31, -7, -137,
-61, 75, 4, -54, 7, 14, 378, 17, -9, 2, -60, -112, -8, 87, 34, -51, -3, -15, 352, 29, -14, 43, -38, -108, -27, 87, 44, -41, -7, -18, 336, 32, 8, 8, -5,
-63, -16, 87, 18, -66, -48, 7, 342, 9, 32, 27, -26, -112, -15, 91, -50, -67, 26, -34, 308, 34, 55, 16, 13, -103, -47, 55, 21, 0, -17, -48, 312, 88, 8, -9,
-54, -104, -21, 108, -9, 10, 17, -37, 322, 47, 12, -18, -23, -117, -10, 121, -4, -17, -6, -7, 301, 86, 27, -16, -35, -96, -6, 32, -33, 0, 9, 9, 238, 87, 49,
-40, 36, -141, 18, 59, 5, -71, -66, 9, 171, 65, -4, -192, 95, -63, 28, -10, 41, -93, -86, -32, 181, 25, 25, -179, 20, -77, 34, -4, 24, -150, -47, 22, 149, -11,
75, -198, 1, -93, 11, 99, 6, -149, -51, 35, 75, -100, -9, -224, 3, -41, 3, 62, 60, -81, -3, 68, 193, -127, 22, -179, 52, -20, -51, 17, 8, -75, -31, 32, 175,
-80, 11, -79, 58, -22, -91, -38, -11, -89, -11, 11, 175, -62, 2, -82, 35, -28, -53, 4, -11, -109, -24, -3, 123, -40, 81, -112, 83, -97, -71, 47, -19, -74, -2, -21,
152, -50, -80, -237, 17, -17, -70, 15, 34, -45, -22, -13, 155, -18, -6, -260, 20, -71, -40, 104, 27, -98, -34, 8, 219, 29, 17, -277, -10, -38, -63, 59, -21, -77, 17,
-20, 258, 39, -64, -206, 11, -14, -78, 84, -29, -100, -2, -24, 220, 26, -50, -193, -16, -8, -31, 82, -30, -132, -25, -22, 219, 31, -13, -196, 19, -3, -45, 57, -20, -112,
0, -44, 143, 1, -50, -167, 111, -13, -68, 42, -7, -53, 47, -14, 211, 10, 0, -180, 61, -6, -104, 84, 18, -67, 39, -26, 261, 40, -14, -117, 59, 7, -11, 44, -59,
-59, 15, -32, 220, 50, 49, -110, 90, -20, -44, 68, -49, -76, -11, -47, 204, 36, 36, -109, 96, 8, -50, 63, 6, -110, -34, -20, 204, -19, -27, -158, 94, 51, -19, 117,
12, -113, -103, 8, 177, -15, -12, -176, 55, 64, -12, 103, 4, -84, 2, 33, 86, 35, -133, -110, 55, 10, -45, 115, -10, -47, 40, 41, 15, 153, -134, -36, 1, 29, -15,
131, -12, -46, -39, -27, 0, 206, -104, -50, -21, 83, -44, 103, 15, -66, -95, -34, -18, 194, -115, 27, -21, 79, -51, 88, 26, -104, -96, -27, -14, 206, -138, -35, -25, 34,
-59, 50, 11, -22, -40, 12, 70, 188, -104, -111, -55, -28, 0, 101, 36, -18, -47, 7, 209, 75, -126, -164, -97, 42, 23, 53, 27, -35, -88, 0, 238, 6, -156, -110, -130,
70, 59, 49, -13, -71, -85, 32, 209, -17, -163, -110, -45, 94, 16, 56, -61, -52, -54, -21, 235, -9, -181, -131, 15, 86, 25, 7, -61, -38, -45, 9, 255, -67, -175, -79,
50, 47, 31, 13, -37, -39, -39, -18, 219, -34, -169, -54, 50, 56, 68, 70, -50, -65, -88, -32, 249, -149, -201, -10, 47, 9, 42, 93, -91, -60, -64, -31, 208, -134, -130,
-11, 22, 0, 0, 42, -99, 30, 19, 1, 168, -207, -186, -35, 13, -17, 59, 38, -19, 11, -21, 34, 146, -167, -171, -75, 37, 40, 81, 106, -12, -32, -33, -41, 199, -54,
-169, 0, 31, -10, 49, 99, -17, -26, -57, -50, 233, -75, -153, 24, 26, 15, 61, 87, -65, -29, -49, -67, 223, -133, -142, 31, 35, 41, 53, 78, -52, -87, -51, -54, 224,
-132, -117, -23, 43, 18, -7, 58, -19, -95, -81, -39, 150, -134, -95, -4, 6, 3, 4, 49, -37, -76, -94, -46, 152, -62, -26, -63, -3, 23, 44, 70, -9, -28, -39, -19,
164, -52, -111, -70, 50, 67, 15, 52, -113, -51, -10, -25, 135, -51, -75, -62, 51, -4, 18, 49, -37, 2, 46, 34, 132, -82, -78, -60, -18, -18, -3, 82, 14, -11, 47,
-2, 125, -107, -75, -6, 24, 18, -4, 30, 17, 9, 35, -26, 0, 0, 0, 0, 0, 0, 0, 0, 0, 0, 0, 0, 0, 0, 0, 0, 0, 0, 0, 0, 0, 0,
0, 0, 0, 0, 0, 0, 0, 0, 0, 0, 0, 0, 0, 0, 0, 0, 0, 0, 0, 0, 0, 0, 0, 0, 0, 0, 0, 0, 0, 0, 0, 0, 0, 0, 0,
0, 0, 0, 0, 0, 0, 0, 0, 0, 0, 0, 0, 0, 0, 0, 0, 0, 0, 0, 0, 0, 0, 0, 0, 0, 0, 0, 0, 0, 0, 0, 0, 0, 0, 0,
0, 0, 0, 0, 0, 0, 0, 0, 0, 0, 0, 0, 0, 0, 0, 0, 0, 0, 0, 0, 0, 0, 0, 0, 0, 0, 0, 0, 0, 0, 0, 0, 0, 0, 0,
0, 0, 0, 0, 0, 0, 0, 0, 0, 0, 0, 0, 0, 0, 0, 0, 0, 0, 0, 0, 0, 0, 0, 0, 0, 0, 0, 0, 0, 0, 0, 0, 0, 0, 0,
0, 0, 0, 0, 0, 0, 0, 0, 0, 0, 0, 0, 0, 0, 0, 0, 0, 0, 0, 0, 0, 0, 0, 0, 0, 0, 0, 0, 0, 0, 0, 0, 0, 0, 0,
0, 0, 0, 0, 0, 0, 0, 0, 0, 0, 0, 0, 0, 0, 0, 0, 0, 0, 0, 0, 0, 0, 0, 0, 0, 0, 0, 0, 0, 0, 0, 0, 0, 0, 0,
0, 0, 0, 0, 0, 0, 0, 0, 0, 0, 0, 0, 0, 0, 0, 0, 0, 0, 0, 0, 0, 0, 0, 0, 0, 0, 0, 0, 0, 0, 0, 0, 0, 0, 0,
0, 0, 0, 0, 0, 0, 0, 0, 0, 0, 0, 0, 0, 0, 0, 0, 0, 0, 0, 0, 0, 0, 0, 0, 0, 0, 0, 0, 0, 0, 0, 0, 0, 0, 0,
0, 0, 0, 0, 0, 0, 0, 0, 0, 0, 0, 0, 0, 0, 0, 0, 0, 0, 0, 0, 0, 0, 0, 0, 0, 0, 0, 0, 0, 0, 0, 0, 0, 0, 0,
0, 0, 0, 0, 0, 0, 0, 0, 0, 0, 0, 0, 0, 0, 0, 0, 0, 0, 0, 0, 0, 0, 0, 0, 0, 0, 0, 0, 0, 0, 0, 0, 0, 0, 0,
0, 0, 0, 0, 0, 0, 0, 0, 0, 0, 0, 0, 0, 0, 0, 0, 0, 0, 0, 0, 0, 0, 0, 0, 0, 0, 0, 0, 0, 0, 0, 0, 0, 0, 0,
0, 0, 0, 0, 0, 0, 0, 0, 0, 0, 0, 0, 0, 0, 0, 0, 0, 0, 0, 0, 0, 0, 0, 0, 0, 0, 0, 0, 0, 0, 0, 0, 0, 0, 0,
0, 0, 0, 0, 0, 0, 0, 0, 0, 0, 0, 0, 0, 0, 0, 0, 0, 0, 0, 0, 0, 0, 0, 0, 0, 0, 0, 0, 0, 0, 0, 0, 0, 0, 0,
0, 0, 0, 0, 0, 0, 0, 0, 0, 0, 0, 0, 0, 0, 0, 0, 0, 0, 0, 0, 0, 0, 0, 0, 0, 0, 0, 0, 0, 0, 0, 0, 0, 0, 0,
0, 0, 0, 0, 0, 0, 0, 0, 0, 0, 0, 0, 0, 0, 0, 0, 0, 0, 0, 0, 0, 0, 0, 0, 0, 0, 0, 0, 0, 0, 0, 0, 0, 0, 0,
0, 0, 0, 0, 0, 0, 0, 0, 0, 0, 0, 0, 0, 0, 0, 0, 0, 0, 0, 0, 0, 0, 0, 0, 0, 0, 0, 0, 0, 0, 0, 0, 0, 0, 0,
0, 0, 0, 0, 0, 0, 0, 0, 0, 0, 0, 0, 0, 0, 0, 0, 0, 0, 0, 0, 0, 0, 0, 0, 0, 0, 0, 0, 0, 0, 0, 0, 0, 0, 0,
0, 0, 0, 0, 0, 0, 0, 0, 0, 0, 0, 0, 0, 0, 0, 0, 0, 0, 0, 0, 0, 0, 0, 0, 0, 0, 0, 0, 0, 0, 0, 0, 0, 0, 0,
0, 0, 0, 0, 0, 0, 0, 0, 0, 0, 0, 0, 0, 0, 0, 0, 0, 0, 0, 0, 0, 0, 0, 0, 0, 0, 0, 0, 0, 0, 0, 0, 0, 0, 0,
0, 0, 0, 0, 0, 0, 0, 0, 0, 0, 0, 0, 0, 0, 0, 0, 0, 0, 0, 0, 0, 0, 0, 0, 0, 0, 0, 0, 0, 0, 0, 0, 0, 0, 0,
0, 0, 0, 0, 0, 0, 0, 0, 0, 0, 0, 0, 0, 0, 0, 0, 0, 0, 0, 0, 0, 0, 0, 0, 0, 0, 0, 0, 0, 0, 0, 0, 0, 0, 0,
0, 0, 0, 0, 0, 0, 0, 0, 0, 0, 0, 0, 0, 0, 0, 0, 0, 0, 0, 0, 0, 0, 0, 0, 0, 0, 0, 0, 0, 0, 0, 0, 0, 0, 0,
0, 0, 0, 0, 0, 0, 0, 0, 0, 0, 0, 0, 0, 0, 0, 0, 0, 0, 0, 0, 0, 0, 0, 0, 0, 0, 0, 0, 0, 0, 0, 0, 0, 0, 0,
0, 0, 0, 0, 0, 0, 0, 0, 0, 0, 0, 0, 0, 0, 0, 0, 0, 0, 0, 0, 0, 0, 0, 0, 0, 0, 0, 0, 0, 0, 0, 0, 0, 0, 0,
0, 0, 0, 0, 0, 0, 0, 0, 0, 0, 0, 0, 0, 0, 0, 0, 0, 0, 0, 0, 0, 0, 0, 0, 0, 0, 0, 0, 0, 0, 0, 0, 0, 0, 0,
0, 0, 0, 0, 0, 0, 0, 0, 0, 0, 0, 0, 0, 0, 0, 0, 0, 0, 0, 0, 0, 0, 0, 0, 0, 0, 0, 0, 0, 0, 0, 0, 0, 0, 0,
0, 0, 0, 0, 0, 0, 0, 0, 0, 0, 0, 0, 0, 0, 0, 0, 0, 0, 0, 0, 0, 0, 0, 0, 0, 0, 0, 0, 0, 0, 0, 0, 0, 0, 0,
0, 0, 0, 0, 0, 0, 0, 0, 0, 0, 0, 0, 0, 0, 0, 0, 0, 0, 0, 0, 0, 0, 0, 0, 0, 0, 0, 0, 0, 0, 0, 0, 0, 0, 0,
0, 0, 0, 0, 0, 0, 0, 0, 0, 0, 0, 0, 0, 0, 0, 0, 0, 0, 0, 0, 0, 0, 0, 0, 0, 0, 0, 0, 0, 0, 0, 0, 0, 0, 0,
0, 0, 0, 0, 0, 0, 0, 0, 0, 0, 0, 0, 0, 0, 0, 0, 0, 0, 0, 0, 0, 0, 0, 0, 0, 0, 0, 0, 0, 0, 0, 0, 0, 0, 0,
0, 0, 0, 0, 0, 0, 0, 0, 0, 0, 0, 0, 0, 0, 0, 0, 0, 0, 0, 0, 0, 0, 0, 0, 0, 0, 0, 0, 0, 0, 0, 0, 0, 0, 0,
0, 0, 0, 0, 0, 0, 0, 0, 0, 0, 0, 0, 0, 0, 0, 0, 0, 0, 0, 0, 0, 0, 0, 0, 0, 0, 0, 0, 0, 0, 0, 0, 0, 0, 0,
0, 0, 0, 0, 0, 0, 0, 0, 0, 0, 0, 0, 0, 0, 0, 0, 0, 0, 0, 0, 0, 0, 0, 0, 0, 0, 0, 0, 0, 0, 0, 0, 0, 0, 0,
0, 0, 0, 0, 0, 0, 0, 0, 0, 0, 0, 0, 0, 0, 0, 0, 0, 0, 0, 0, 0, 0, 0, 0, 0, 0, 0, 0, 0, 0, 0, 0, 0, 0, 0,
0, 0, 0, 0, 0, 0, 0, 0, 0, 0, 0, 0, 0, 0, 0, 0, 0, 0, 0, 0, 0, 0, 0, 0, 0, 0, 0, 0, 0, 0, 0, 0, 0, 0, 0,
0, 0, 0, 0, 0, 0, 0, 0, 0, 0, 0, 0, 0, 0, 0, 0, 0, 0, 0, 0, 0, 0, 0, 0, 0, 0, 0, 0, 0, 0, 0, 0, 0, 0, 0,
0, 0, 0, 0, 0, 0, 0, 0, 0, 0, 0, 0, 0, 0, 0, 0, 0, 0, 0, 0, 0, 0, 0, 0, 0, 0, 0, 0, 0, 0, 0, 0, 0, 0, 0,
0, 0, 0, 0, 0, 0, 0, 0, 0, 0, 0, 0, 0, 0, 0, 0, 0, 0, 0, 0, 0, 0, 0, 0, 0, 0, 0, 0, 0, 0, 0, 0, 0, 0, 0,
0, 0, 0, 0, 0, 0, 0, 0, 0, 0, 0, 0, 0, 0, 0, 0, 0, 0, 0, 0, 0, 0, 0, 0, 0, 0, 0, 0, 0, 0, 0, 0, 0, 0, 0,
0, 0, 0, 0, 0, 0, 0, 0, 0, 0, 0, 0, 0, 0, 0, 0, 0, 0, 0, 0, 0, 0, 0, 0, 0, 0, 0, 0, 0, 0, 0, 0, 0, 0, 0,
0, 0, 0, 0, 0, 0, 0, 0, 0, 0, 0, 0, 0, 0, 0, 0, 0, 0, 0, 0, 0, 0, 0, 0, 0, 0, 0, 0, 0, 0, 0, 0, 0, 0, 0,
0, 0, 0, 0, 0, 0, 0, 0, 0, 0, 0, 0, 0, 0, 0, 0, 0, 0, 0, 0, 0, 0, 0, 0, 0, 0, 0, 0, 0, 0, 0, 0, 0, 0, 0,
0, 0, 0, 0, 0, 0, 0, 0, 0, 0, 0, 0, 0, 0, 0, 0, 0, 0, 0, 0, 0, 0, 0, 0, 0, 0, 0, 0, 0, 0, 0, 0, 0, 0, 0,
0, 0, 0, 0, 0, 0, 0, 0, 0, 0, 0, 0, 0, 0, 0, 0, 0, 0, 0, 0, 0, 0, 0, 0, 0, 0, 0, 0, 0, 0, 0, 0, 0, 0, 0,
0, 0, 0, 0, 0, 0, 0, 0, 0, 0, 0, 0, 0, 0, 0, 0, 0, 0, 0, 0, 0, 0, 0, 0, 0, 0, 0, 0, 0, 0, 0, 0, 0, 0, 0,
0, 0, 0, 0, 0, 0, 0, 0, 0, 0, 0, 0, 0, 0, 0, 0, 0, 0, 0, 0, 0, 0, 0, 0, 0, 0, 0, 0, 0, 0, 0, 0, 0, 0, 0,
0, 0, 0, 0, 0, 0, 0, 0, 0, 0, 0, 0, 0, 0, 0, 0, 0, 0, 0, 0, 0, 0, 0, 0, 0, 0, 0, 0, 0, 0, 0, 0, 0, 0, 0,
0, 0, 0, 0, 0, 0, 0, 0, 0, 0, 0, 0, 0, 0, 0, 0, 0, 0, 0, 0, 0, 0, 0, 0, 0, 0, 0, 0, 0, 0, 0, 0, 0, 0, 0,
0, 0, 0, 0, 0, 0, 0, 0, 0, 0, 0, 0, 0, 0, 0, 0, 0, 0, 0, 0, 0, 0, 0, 0, 0, 0, 0, 0, 0, 0, 0, 0, 0, 0, 0,
0, 0, 0, 
print model ok!

start rec...
get noise again...
speeking...
frm_num=75
-84, 27, 15, 27, 21, 26, 24, 27, 26, 28, 24, 23, 146, 34, 35, 66, 32, -55, -95, 36, 23, -27, -37, -27, 114, 105, 114, 110, 48, -60, -110, 24, 20, -55, -48,
-108, 199, 94, 83, 78, 50, -68, -95, 10, -5, -79, -41, -1, 207, 106, 53, 67, 66, -23, -52, -24, -59, -105, -55, -28, 255, 107, 38, 24, 28, 12, -45, -23, -65, -76,
-32, -49, 275, 115, 47, 27, 75, -12, -73, -39, -47, -58, -14, -22, 263, 146, 55, 44, 39, -51, -78, 8, -29, -85, -51, -28, 295, 153, 92, 46, -15, -35, -53, 10, -22,
-73, -73, -39, 254, 136, 96, 34, 7, -49, -70, 50, -33, -49, -56, -77, 339, 13, -47, 57, 37, -82, -76, 48, -60, -55, 14, -41, 395, -17, -47, 65, 0, -113, -101, 45,
19, -42, -24, -63, 419, 31, -48, -42, -36, -94, -119, 96, -12, -73, -12, -39, 422, 23, -74, -20, -34, -180, -100, 123, 19, -84, -14, -12, 391, -57, -86, -75, -57, -183, -96,
175, -16, -110, -3, -6, 359, -152, -180, -73, -48, -181, -23, 171, 28, -72, 6, 43, 402, -134, -108, -22, -60, -180, -55, 137, 5, -115, -11, -34, 409, -47, -35, 0, -90, -229,
-22, 191, -4, -162, 33, -9, 375, -67, 3, -3, -131, -224, -18, 142, -23, -134, 80, -3, 351, -99, 65, -32, -158, -245, -58, 158, -39, -118, 129, 2, 359, -92, 31, -71, -203,
-224, -58, 144, 12, -109, 82, -10, 386, -111, -82, -41, -124, -174, -51, 104, -24, -47, 50, 5, 394, -90, -84, -37, -77, -160, -48, 97, 3, -89, 24, 12, 350, -65, -36, -35,
-100, -157, -1, 154, 34, -90, -12, 21, 335, -53, -11, 19, -62, -138, -19, 124, 70, -88, -70, 10, 344, -22, 0, 47, 9, -128, -20, 98, -24, -84, -11, -18, 254, -17, 70,
74, -25, -153, -23, 96, -37, -111, 40, 7, 299, -46, 33, 62, -68, -131, 0, 79, -46, -79, 66, 58, 315, -68, 13, 38, -23, -109, 19, 138, -15, -80, -13, 20, 344, 30,
-7, -39, -19, -64, -55, 35, 13, -32, -38, -9, 330, 18, 38, -10, -55, -154, -73, 102, -21, -25, -41, -12, 317, -33, 18, 25, -33, -111, 15, 101, -60, -75, -48, -19, 298,
37, -13, -8, 63, -113, -52, 36, -62, -56, -52, -33, 262, 97, 103, -63, 23, -107, -46, 20, -79, -42, -19, -23, 226, -49, 99, -68, 21, -112, -11, 6, -26, -74, -61, -18,
183, -74, 43, -106, 66, -41, -31, -16, 0, -106, -34, -17, 100, -49, 12, -116, -7, -20, -41, 1, 30, -53, 9, 22, 103, -68, 30, -117, 14, -24, -62, -3, 10, -55, 54,
20, 155, -56, 106, -137, 1, -25, -61, 50, -54, -109, 43, 7, 151, -19, 75, -164, 21, -33, -15, -24, -34, -106, 23, -17, 173, -38, 7, -128, 14, -65, -25, -6, -23, -104,
-33, 29, 141, -23, -30, -145, -7, -88, -12, 44, -42, -105, -1, 31, 56, -2, 9, -211, -77, -44, -15, 113, -46, -104, 41, 63, 90, 74, 14, -233, -68, -51, -63, 88, -15,
-77, 11, -25, 147, 73, -15, -186, -12, -51, -73, 108, -28, -90, 25, 4, 184, 118, -115, -268, 64, -56, -74, 61, -42, -73, 13, -38, 226, 59, -109, -211, 18, -35, -56, 61,
-58, -67, 33, -7, 180, 48, -83, -225, 21, -2, -77, 38, -41, -99, 22, -21, 184, 54, -38, -193, 121, 3, -38, 76, -53, -96, -12, -28, 199, 62, 13, -135, 28, 24, -19,
27, -50, -88, -1, -31, 205, 79, 21, -58, 67, 31, -21, -12, -7, -100, -32, -37, 178, 116, 53, -42, 72, -12, -73, 19, -50, -90, 43, -10, 197, 41, 15, -40, 85, -4,
-50, 71, -24, -93, -17, -8, 180, 27, -7, -68, 59, -47, -38, 88, -9, -2, 7, -24, 140, 22, -51, -103, 24, -49, -43, 73, 5, -6, 44, -35, 122, 14, -18, -132, -24,
-27, -35, 93, 60, -57, 9, 13, 190, -4, -13, -5, 68, -30, -75, 43, 30, -69, 8, -17, 93, 154, 1, 2, 57, -52, -73, 79, -23, -55, -20, -55, 26, 199, -55, 55,
20, 14, -56, 35, -5, -55, -74, -46, -66, 175, -82, 46, -47, -2, -41, 89, 8, -72, 3, 7, -137, 149, -96, 15, -12, 12, -27, 74, 11, -12, -14, 33, -69, 207, -93,
-23, 33, 12, -52, 51, -18, 7, 9, -16, 52, 142, -25, -75, -85, -45, -74, 63, 38, 5, -44, -40, 161, 161, -112, -179, -76, 0, -41, 22, 29, 15, -106, -54, 160, 93,
-160, -184, -32, 55, -13, 30, -13, -26, -84, -48, 219, -21, -149, -88, 29, 26, -20, -12, 7, -35, -70, -11, 196, -66, -143, -68, 56, 7, -16, -1, -75, -35, -14, -19, 221,
-125, -134, -123, 47, 17, 64, 15, -104, -21, -19, -45, 198, -112, -120, -97, 2, 3, 30, 52, -102, -15, -18, -59, 207, -102, -124, -4, 24, -2, 77, 25, -166, -72, 11, 1,
166, -147, -122, -56, 5, 36, 98, 27, -133, -48, 8, -34, 148, -208, -60, -11, -1, 8, 53, 33, -75, -46, 6, 14, 148, -176, -113, -27, 14, -31, 23, -9, -59, 14, 39,
-27, 133, -141, -57, 74, -4, -5, 30, 36, -56, -17, -36, -83, 211, -127, -117, 47, 41, 52, 74, 18, -92, -43, -46, -83, 0, 0, 0, 0, 0, 0, 0, 0, 0, 0,
0, 0, 0, 0, 0, 0, 0, 0, 0, 0, 0, 0, 0, 0, 0, 0, 0, 0, 0, 0, 0, 0, 0, 0, 0, 0, 0, 0, 0, 0, 0, 0, 0, 0, 0,
0, 0, 0, 0, 0, 0, 0, 0, 0, 0, 0, 0, 0, 0, 0, 0, 0, 0, 0, 0, 0, 0, 0, 0, 0, 0, 0, 0, 0, 0, 0, 0, 0, 0, 0,
0, 0, 0, 0, 0, 0, 0, 0, 0, 0, 0, 0, 0, 0, 0, 0, 0, 0, 0, 0, 0, 0, 0, 0, 0, 0, 0, 0, 0, 0, 0, 0, 0, 0, 0,
0, 0, 0, 0, 0, 0, 0, 0, 0, 0, 0, 0, 0, 0, 0, 0, 0, 0, 0, 0, 0, 0, 0, 0, 0, 0, 0, 0, 0, 0, 0, 0, 0, 0, 0,
0, 0, 0, 0, 0, 0, 0, 0, 0, 0, 0, 0, 0, 0, 0, 0, 0, 0, 0, 0, 0, 0, 0, 0, 0, 0, 0, 0, 0, 0, 0, 0, 0, 0, 0,
0, 0, 0, 0, 0, 0, 0, 0, 0, 0, 0, 0, 0, 0, 0, 0, 0, 0, 0, 0, 0, 0, 0, 0, 0, 0, 0, 0, 0, 0, 0, 0, 0, 0, 0,
0, 0, 0, 0, 0, 0, 0, 0, 0, 0, 0, 0, 0, 0, 0, 0, 0, 0, 0, 0, 0, 0, 0, 0, 0, 0, 0, 0, 0, 0, 0, 0, 0, 0, 0,
0, 0, 0, 0, 0, 0, 0, 0, 0, 0, 0, 0, 0, 0, 0, 0, 0, 0, 0, 0, 0, 0, 0, 0, 0, 0, 0, 0, 0, 0, 0, 0, 0, 0, 0,
0, 0, 0, 0, 0, 0, 0, 0, 0, 0, 0, 0, 0, 0, 0, 0, 0, 0, 0, 0, 0, 0, 0, 0, 0, 0, 0, 0, 0, 0, 0, 0, 0, 0, 0,
0, 0, 0, 0, 0, 0, 0, 0, 0, 0, 0, 0, 0, 0, 0, 0, 0, 0, 0, 0, 0, 0, 0, 0, 0, 0, 0, 0, 0, 0, 0, 0, 0, 0, 0,
0, 0, 0, 0, 0, 0, 0, 0, 0, 0, 0, 0, 0, 0, 0, 0, 0, 0, 0, 0, 0, 0, 0, 0, 0, 0, 0, 0, 0, 0, 0, 0, 0, 0, 0,
0, 0, 0, 0, 0, 0, 0, 0, 0, 0, 0, 0, 0, 0, 0, 0, 0, 0, 0, 0, 0, 0, 0, 0, 0, 0, 0, 0, 0, 0, 0, 0, 0, 0, 0,
0, 0, 0, 0, 0, 0, 0, 0, 0, 0, 0, 0, 0, 0, 0, 0, 0, 0, 0, 0, 0, 0, 0, 0, 0, 0, 0, 0, 0, 0, 0, 0, 0, 0, 0,
0, 0, 0, 0, 0, 0, 0, 0, 0, 0, 0, 0, 0, 0, 0, 0, 0, 0, 0, 0, 0, 0, 0, 0, 0, 0, 0, 0, 0, 0, 0, 0, 0, 0, 0,
0, 0, 0, 0, 0, 0, 0, 0, 0, 0, 0, 0, 0, 0, 0, 0, 0, 0, 0, 0, 0, 0, 0, 0, 0, 0, 0, 0, 0, 0, 0, 0, 0, 0, 0,
0, 0, 0, 0, 0, 0, 0, 0, 0, 0, 0, 0, 0, 0, 0, 0, 0, 0, 0, 0, 0, 0, 0, 0, 0, 0, 0, 0, 0, 0, 0, 0, 0, 0, 0,
0, 0, 0, 0, 0, 0, 0, 0, 0, 0, 0, 0, 0, 0, 0, 0, 0, 0, 0, 0, 0, 0, 0, 0, 0, 0, 0, 0, 0, 0, 0, 0, 0, 0, 0,
0, 0, 0, 0, 0, 0, 0, 0, 0, 0, 0, 0, 0, 0, 0, 0, 0, 0, 0, 0, 0, 0, 0, 0, 0, 0, 0, 0, 0, 0, 0, 0, 0, 0, 0,
0, 0, 0, 0, 0, 0, 0, 0, 0, 0, 0, 0, 0, 0, 0, 0, 0, 0, 0, 0, 0, 0, 0, 0, 0, 0, 0, 0, 0, 0, 0, 0, 0, 0, 0,
0, 0, 0, 0, 0, 0, 0, 0, 0, 0, 0, 0, 0, 0, 0, 0, 0, 0, 0, 0, 0, 0, 0, 0, 0, 0, 0, 0, 0, 0, 0, 0, 0, 0, 0,
0, 0, 0, 0, 0, 0, 0, 0, 0, 0, 0, 0, 0, 0, 0, 0, 0, 0, 0, 0, 0, 0, 0, 0, 0, 0, 0, 0, 0, 0, 0, 0, 0, 0, 0,
0, 0, 0, 0, 0, 0, 0, 0, 0, 0, 0, 0, 0, 0, 0, 0, 0, 0, 0, 0, 0, 0, 0, 0, 0, 0, 0, 0, 0, 0, 0, 0, 0, 0, 0,
0, 0, 0, 0, 0, 0, 0, 0, 0, 0, 0, 0, 0, 0, 0, 0, 0, 0, 0, 0, 0, 0, 0, 0, 0, 0, 0, 0, 0, 0, 0, 0, 0, 0, 0,
0, 0, 0, 0, 0, 0, 0, 0, 0, 0, 0, 0, 0, 0, 0, 0, 0, 0, 0, 0, 0, 0, 0, 0, 0, 0, 0, 0, 0, 0, 0, 0, 0, 0, 0,
0, 0, 0, 0, 0, 0, 0, 0, 0, 0, 0, 0, 0, 0, 0, 0, 0, 0, 0, 0, 0, 0, 0, 0, 0, 0, 0, 0, 0, 0, 0, 0, 0, 0, 0,
0, 0, 0, 0, 0, 0, 0, 0, 0, 0, 0, 0, 0, 0, 0, 0, 0, 0, 0, 0, 0, 0, 0, 0, 0, 0, 0, 0, 0, 0, 0, 0, 0, 0, 0,
0, 0, 0, 0, 0, 0, 0, 0, 0, 0, 0, 0, 0, 0, 0, 0, 0, 0, 0, 0, 0, 0, 0, 0, 0, 0, 0, 0, 0, 0, 0, 0, 0, 0, 0,
0, 0, 0, 0, 0, 0, 0, 0, 0, 0, 0, 0, 0, 0, 0, 0, 0, 0, 0, 0, 0, 0, 0, 0, 0, 0, 0, 0, 0, 0, 0, 0, 0, 0, 0,
0, 0, 0, 0, 0, 0, 0, 0, 0, 0, 0, 0, 0, 0, 0, 0, 0, 0, 0, 0, 0, 0, 0, 0, 0, 0, 0, 0, 0, 0, 0, 0, 0, 0, 0,
0, 0, 0, 0, 0, 0, 0, 0, 0, 0, 0, 0, 0, 0, 0, 0, 0, 0, 0, 0, 0, 0, 0, 0, 0, 0, 0, 0, 0, 0, 0, 0, 0, 0, 0,
0, 0, 0, 0, 0, 0, 0, 0, 0, 0, 0, 0, 0, 0, 0, 0, 0, 0, 0, 0, 0, 0, 0, 0, 0, 0, 0, 0, 0, 0, 0, 0, 0, 0, 0,
0, 0, 0, 0, 0, 0, 0, 0, 0, 0, 0, 0, 0, 0, 0, 0, 0, 0, 0, 0, 0, 0, 0, 0, 0, 0, 0, 0, 0, 0, 0, 0, 0, 0, 0,
0, 0, 0, 0, 0, 0, 0, 0, 0, 0, 0, 0, 0, 0, 0, 0, 0, 0, 0, 0, 0, 0, 0, 0, 0, 0, 0, 0, 0, 0, 0, 0, 0, 0, 0,
0, 0, 0, 0, 0, 0, 0, 0, 0, 0, 0, 0, 0, 0, 0, 0, 0, 0, 0, 0, 0, 0, 0, 0, 0, 0, 0, 0, 0, 0, 0, 0, 0, 0, 0,
0, 0, 0, 0, 0, 0, 0, 0, 0, 0, 0, 0, 0, 0, 0, 0, 0, 0, 0, 0, 0, 0, 0, 0, 0, 0, 0, 0, 0, 0, 0, 0, 0, 0, 0,
0, 0, 0, 0, 0, 0, 0, 0, 0, 0, 0, 0, 0, 0, 0, 0, 0, 0, 0, 0, 0, 0, 0, 0, 0, 0, 0, 0, 0, 0, 0, 0, 0, 0, 0,
0, 0, 0, 0, 0, 0, 0, 0, 0, 0, 0, 0, 0, 0, 0, 0, 0, 0, 0, 0, 0, 0, 0, 0, 0, 0, 0, 0, 0, 0, 0, 0, 0, 0, 0,
0, 0, 0, 0, 0, 0, 0, 0, 0, 0, 0, 0, 0, 0, 0, 0, 0, 0, 0, 0, 0, 0, 0, 0, 0, 0, 0, 0, 0, 0, 0, 0, 0, 0, 0,
0, 0, 0, 0, 0, 0, 0, 0, 0, 0, 0, 0, 0, 0, 0, 0, 0, 0, 0, 0, 0, 0, 0, 0, 0, 0, 0, 0, 0, 0, 0, 0, 0, 0, 0,
0, 0, 0, 0, 0, 0, 0, 0, 0, 0, 0, 0, 0, 0, 0, 0, 0, 0, 0, 0, 0, 0, 0, 0, 0, 0, 0, 0, 0, 0, 0, 0, 0, 0, 0,
0, 0, 0, 0, 0, 0, 0, 0, 0, 0, 0, 0, 0, 0, 0, 0, 0, 0, 0, 0, 0, 0, 0, 0, 0, 0, 0, 0, 0, 0, 0, 0, 0, 0, 0,
0, 0, 0, 0, 0, 0, 0, 0, 0, 0, 0, 0, 0, 0, 0, 0, 0, 0, 0, 0, 0, 0, 0, 0, 0, 0, 0, 0, 0, 0, 0, 0, 0, 0, 0,
0, 0, 0, 0, 0, 0, 0, 0, 0, 0, 0, 0, 0, 0, 0, 0, 0, 0, 0, 0, 0, 0, 0, 0, 0, 0, 0, 0, 0, 0, 0, 0, 0, 0, 0,
0, 0, 0, 0, 0, 0, 0, 0, 0, 0, 0, 0, 0, 0, 0, 0, 0, 0, 0, 0, 0, 0, 0, 0, 0, 0, 0, 0, 0, 0, 0, 0, 0, 0, 0,
0, 0, 0, 0, 0, 0, 0, 0, 0, 0, 0, 0, 0, 0, 0, 0, 0, 0, 0, 0, 0, 0, 0, 0, 0, 0, 0, 0, 0, 0, 0, 0, 0, 0, 0,
0, 0, 0, 0, 0, 0, 0, 0, 0, 0, 0, 0, 0, 0, 0, 0, 0, 0, 0, 0, 0, 0, 0, 0, 0, 0, 0, 0, 0, 0, 0, 0, 0, 0, 0,
0, 0, 0, 0, 0, 0, 0, 0, 0, 0, 0, 0, 0, 0, 0, 0, 0, 0, 0, 0, 0, 0, 0, 0, 0, 0, 0, 0, 0, 0, 0, 0, 0, 0, 0,
0, 0, 0, 0, 0, 0, 0, 0, 0, 0, 0, 0, 0, 0, 0, 0, 0, 0, 0, 0, 0, 0, 0, 0, 0, 0, 0, 0, 0, 0, 0, 0, 0, 0, 0,
0, 0, 0, 0, 0, 0, 0, 0, 0, 0, 0, 0, 0, 0, 0, 0, 0, 0, 0, 0, 0, 0, 0, 0, 0, 0, 0, 0, 0, 0, 0, 0, 0, 0, 0,
0, 0, 0, 
print model ok!

start rec...
start rec...
get noise again...
speeking...
frm_num=84
-76, 41, 28, 40, 35, 41, 38, 40, 39, 41, 38, 38, 178, 48, 118, 33, 9, -31, 7, 1, -20, -48, -23, -39, 210, 29, 39, 55, 14, -24, -45, 24, 0, -37, -63,
-51, 227, 77, 35, 46, 61, -42, -1, -4, -46, -50, -46, -49, 231, 120, 88, 24, 19, -51, -25, -2, -12, -76, -62, -4, 184, 101, 105, 52, 20, -46, -6, 18, -47, -55,
-35, -5, 227, 90, 51, 110, 58, 8, -22, -12, -52, -86, -44, -19, 215, 98, 52, 85, 74, 8, 12, -30, -52, -93, -42, -40, 217, 163, 68, 40, 71, -38, -3, 33, -54,
-105, -5, -8, 295, -244, -146, 175, 163, -20, -18, 49, -9, -66, -56, -62, 332, -330, -110, 148, 58, -68, -9, 81, -28, -49, -9, -45, 377, -309, -87, 99, -18, -201, -35, 128,
-17, -48, 52, -50, 429, -212, -63, 52, -43, -190, -65, 139, -62, -70, 55, -38, 413, -137, -74, 51, -51, -199, -39, 150, -66, -124, 31, -23, 288, -122, -115, -32, -18, -165, -77,
116, -23, -117, 52, -105, 288, -241, -108, 19, 4, -143, -5, 138, -72, -148, 108, -85, 344, -197, -66, 11, -5, -152, -14, 122, -67, -175, 53, -111, 387, -171, -36, -16, -22, -138,
-67, 136, -22, -138, 52, -68, 295, -181, -3, -47, -60, -160, -44, 135, 26, -91, 80, -21, 242, -193, -85, -51, -69, -160, -8, 109, 38, -59, 75, -8, 354, -142, -18, 13, -15,
-143, -34, 90, -21, -60, 48, -42, 351, -77, 10, 93, -15, -124, 7, 29, -56, -81, 45, 2, 344, -120, 26, 69, 5, -117, 25, 76, -45, -98, 50, -22, 299, -161, 18, 74,
29, -106, 0, 121, -23, -92, 41, -61, 315, -117, 25, -10, 7, -94, -27, 115, -14, -82, 31, -43, 303, -35, 65, 46, 41, -56, -63, 53, -42, -67, 59, -9, 370, -16, 43,
56, -11, -108, -59, 71, -3, -55, 15, -25, 325, -13, 59, 52, 11, -90, 21, 59, -88, -67, -5, -50, 396, 44, -21, 3, 18, -147, -55, 81, -23, -28, -20, -40, 457, 8,
-48, -6, -9, -165, -12, 32, -14, -40, -57, -5, 354, 22, 20, 8, -10, -212, -16, 54, -8, -42, -82, 33, 240, -48, 19, 21, -13, -211, -38, 60, -2, -20, -10, 48, 203,
-83, 47, -115, 18, -49, 21, -24, 57, -111, -115, 57, 178, -79, 78, -114, 106, -19, 4, -28, -50, -189, -69, 41, 162, 8, 28, -125, 98, 16, -10, -62, 26, -224, -65, 18,
139, -48, -10, -172, 83, 46, -9, -84, -9, -107, -38, 31, 103, -201, -11, -162, 73, 27, -77, -30, -1, -61, 50, 46, 122, -111, 5, -108, 77, 35, -104, -62, -15, -105, 38,
10, 187, -86, -47, -142, 92, 20, -74, -36, 2, -135, -1, 21, 150, -38, -9, -147, 86, -49, -83, -12, 41, -150, 43, 9, 115, 12, -3, -223, 44, -98, -93, 65, 48, -132,
-7, -36, 155, 36, -91, -280, 36, -5, -39, 53, 38, -95, -23, -49, 235, 18, -110, -259, 3, -13, -57, 79, 26, -97, -49, -51, 242, -7, -77, -237, 0, -42, -45, 76, -8,
-126, 11, -60, 249, 49, -91, -220, 51, -78, -46, 51, -19, -85, -1, -74, 200, 62, -93, -210, 27, -74, -47, 10, -25, -78, -13, -59, 185, 56, -55, -274, 102, 36, -59, 21,
-17, -62, 11, -68, 247, -21, -55, -173, 49, -28, -10, 57, -70, -62, 37, -65, 229, 35, -54, -203, 88, 13, -70, 68, 27, -53, 28, -33, 255, 47, -107, -154, 84, 18, 0,
7, -16, -24, 43, -28, 268, 46, -34, -101, 104, 37, -68, 2, -50, -14, 63, -4, 220, 34, -33, -76, 148, 5, -69, 37, -63, -59, 55, 11, 206, 25, -61, -129, 100, 14,
10, 53, -55, -60, -15, -18, 140, 12, -85, -161, 2, 62, 45, 43, -54, -60, -18, -3, 138, 0, -110, -111, 63, 9, 13, 94, 13, -23, 16, -31, 15, 151, -151, -98, 29,
77, 28, 89, 19, -50, -16, -36, -29, 190, -152, -40, 3, 70, -57, 134, -33, -73, -57, 2, -49, 231, -153, -25, 20, 52, -20, 88, 26, -74, -78, -28, -26, 199, -117, -83,
-69, 46, -43, 82, 80, -42, -23, 7, -18, 198, -129, -169, -114, 40, -24, 118, 90, -25, -9, 45, 103, 117, -133, -177, -114, 36, -10, 87, 71, -74, -72, 24, 166, 105, -181,
-204, -67, 71, -3, 59, 30, -25, -104, -30, 167, 84, -229, -127, -2, 91, -6, 54, -7, -47, -49, -64, 134, -10, -166, -78, 10, 72, 3, 32, -44, 0, -81, -12, 124, 8,
-186, 6, 13, 91, 74, 6, -75, 2, -34, -34, 140, 15, -140, -8, 18, 80, 47, 50, -82, -50, -50, -54, 187, -26, -144, -55, 34, 93, 52, 24, -112, -18, -13, -70, 151,
-34, -156, -51, 53, 67, -26, 17, -57, -9, 0, -77, 153, -75, -184, -85, 34, 95, 42, 16, 27, 29, -31, -74, 112, -159, -212, -127, -13, 95, 26, 88, 6, 7, 37, -64,
124, -125, -175, -70, 31, 93, 56, 59, -12, 34, -31, -94, 173, -56, -114, -30, 106, 74, -3, 16, -5, 9, -34, -67, 225, 25, -39, -95, 27, 51, 21, 7, -70, 48, -53,
-64, 159, 52, -24, -32, -31, 66, 12, 63, -81, -8, -78, -44, 148, 41, -98, -3, 29, 70, 9, 2, -30, -34, -14, -29, 118, -74, -6, -30, 53, 72, 42, 61, 18, -42,
-81, -47, 121, -116, -38, 13, 39, 65, 3, 47, -51, -55, -61, -41, 124, -124, -22, 3, 90, 37, -43, 13, -67, -84, 23, -32, 149, -57, -3, 29, 49, -2, -16, 39, -14,
-11, 32, -47, 117, -101, -38, -1, -5, 56, 24, 2, 2, 19, 37, 20, 84, -129, -149, -63, -24, -23, -4, 57, 18, 29, 53, 39, 67, -55, -15, -24, 60, 28, -32, 35,
-42, -20, 104, 29, 142, -119, -65, -4, 36, 50, -16, 33, -39, -35, 94, -25, 134, -155, -78, -79, -29, 80, 59, 36, 2, 5, 43, -11, 0, 0, 0, 0, 0, 0, 0,
0, 0, 0, 0, 0, 0, 0, 0, 0, 0, 0, 0, 0, 0, 0, 0, 0, 0, 0, 0, 0, 0, 0, 0, 0, 0, 0, 0, 0, 0, 0, 0, 0, 0, 0,
0, 0, 0, 0, 0, 0, 0, 0, 0, 0, 0, 0, 0, 0, 0, 0, 0, 0, 0, 0, 0, 0, 0, 0, 0, 0, 0, 0, 0, 0, 0, 0, 0, 0, 0,
0, 0, 0, 0, 0, 0, 0, 0, 0, 0, 0, 0, 0, 0, 0, 0, 0, 0, 0, 0, 0, 0, 0, 0, 0, 0, 0, 0, 0, 0, 0, 0, 0, 0, 0,
0, 0, 0, 0, 0, 0, 0, 0, 0, 0, 0, 0, 0, 0, 0, 0, 0, 0, 0, 0, 0, 0, 0, 0, 0, 0, 0, 0, 0, 0, 0, 0, 0, 0, 0,
0, 0, 0, 0, 0, 0, 0, 0, 0, 0, 0, 0, 0, 0, 0, 0, 0, 0, 0, 0, 0, 0, 0, 0, 0, 0, 0, 0, 0, 0, 0, 0, 0, 0, 0,
0, 0, 0, 0, 0, 0, 0, 0, 0, 0, 0, 0, 0, 0, 0, 0, 0, 0, 0, 0, 0, 0, 0, 0, 0, 0, 0, 0, 0, 0, 0, 0, 0, 0, 0,
0, 0, 0, 0, 0, 0, 0, 0, 0, 0, 0, 0, 0, 0, 0, 0, 0, 0, 0, 0, 0, 0, 0, 0, 0, 0, 0, 0, 0, 0, 0, 0, 0, 0, 0,
0, 0, 0, 0, 0, 0, 0, 0, 0, 0, 0, 0, 0, 0, 0, 0, 0, 0, 0, 0, 0, 0, 0, 0, 0, 0, 0, 0, 0, 0, 0, 0, 0, 0, 0,
0, 0, 0, 0, 0, 0, 0, 0, 0, 0, 0, 0, 0, 0, 0, 0, 0, 0, 0, 0, 0, 0, 0, 0, 0, 0, 0, 0, 0, 0, 0, 0, 0, 0, 0,
0, 0, 0, 0, 0, 0, 0, 0, 0, 0, 0, 0, 0, 0, 0, 0, 0, 0, 0, 0, 0, 0, 0, 0, 0, 0, 0, 0, 0, 0, 0, 0, 0, 0, 0,
0, 0, 0, 0, 0, 0, 0, 0, 0, 0, 0, 0, 0, 0, 0, 0, 0, 0, 0, 0, 0, 0, 0, 0, 0, 0, 0, 0, 0, 0, 0, 0, 0, 0, 0,
0, 0, 0, 0, 0, 0, 0, 0, 0, 0, 0, 0, 0, 0, 0, 0, 0, 0, 0, 0, 0, 0, 0, 0, 0, 0, 0, 0, 0, 0, 0, 0, 0, 0, 0,
0, 0, 0, 0, 0, 0, 0, 0, 0, 0, 0, 0, 0, 0, 0, 0, 0, 0, 0, 0, 0, 0, 0, 0, 0, 0, 0, 0, 0, 0, 0, 0, 0, 0, 0,
0, 0, 0, 0, 0, 0, 0, 0, 0, 0, 0, 0, 0, 0, 0, 0, 0, 0, 0, 0, 0, 0, 0, 0, 0, 0, 0, 0, 0, 0, 0, 0, 0, 0, 0,
0, 0, 0, 0, 0, 0, 0, 0, 0, 0, 0, 0, 0, 0, 0, 0, 0, 0, 0, 0, 0, 0, 0, 0, 0, 0, 0, 0, 0, 0, 0, 0, 0, 0, 0,
0, 0, 0, 0, 0, 0, 0, 0, 0, 0, 0, 0, 0, 0, 0, 0, 0, 0, 0, 0, 0, 0, 0, 0, 0, 0, 0, 0, 0, 0, 0, 0, 0, 0, 0,
0, 0, 0, 0, 0, 0, 0, 0, 0, 0, 0, 0, 0, 0, 0, 0, 0, 0, 0, 0, 0, 0, 0, 0, 0, 0, 0, 0, 0, 0, 0, 0, 0, 0, 0,
0, 0, 0, 0, 0, 0, 0, 0, 0, 0, 0, 0, 0, 0, 0, 0, 0, 0, 0, 0, 0, 0, 0, 0, 0, 0, 0, 0, 0, 0, 0, 0, 0, 0, 0,
0, 0, 0, 0, 0, 0, 0, 0, 0, 0, 0, 0, 0, 0, 0, 0, 0, 0, 0, 0, 0, 0, 0, 0, 0, 0, 0, 0, 0, 0, 0, 0, 0, 0, 0,
0, 0, 0, 0, 0, 0, 0, 0, 0, 0, 0, 0, 0, 0, 0, 0, 0, 0, 0, 0, 0, 0, 0, 0, 0, 0, 0, 0, 0, 0, 0, 0, 0, 0, 0,
0, 0, 0, 0, 0, 0, 0, 0, 0, 0, 0, 0, 0, 0, 0, 0, 0, 0, 0, 0, 0, 0, 0, 0, 0, 0, 0, 0, 0, 0, 0, 0, 0, 0, 0,
0, 0, 0, 0, 0, 0, 0, 0, 0, 0, 0, 0, 0, 0, 0, 0, 0, 0, 0, 0, 0, 0, 0, 0, 0, 0, 0, 0, 0, 0, 0, 0, 0, 0, 0,
0, 0, 0, 0, 0, 0, 0, 0, 0, 0, 0, 0, 0, 0, 0, 0, 0, 0, 0, 0, 0, 0, 0, 0, 0, 0, 0, 0, 0, 0, 0, 0, 0, 0, 0,
0, 0, 0, 0, 0, 0, 0, 0, 0, 0, 0, 0, 0, 0, 0, 0, 0, 0, 0, 0, 0, 0, 0, 0, 0, 0, 0, 0, 0, 0, 0, 0, 0, 0, 0,
0, 0, 0, 0, 0, 0, 0, 0, 0, 0, 0, 0, 0, 0, 0, 0, 0, 0, 0, 0, 0, 0, 0, 0, 0, 0, 0, 0, 0, 0, 0, 0, 0, 0, 0,
0, 0, 0, 0, 0, 0, 0, 0, 0, 0, 0, 0, 0, 0, 0, 0, 0, 0, 0, 0, 0, 0, 0, 0, 0, 0, 0, 0, 0, 0, 0, 0, 0, 0, 0,
0, 0, 0, 0, 0, 0, 0, 0, 0, 0, 0, 0, 0, 0, 0, 0, 0, 0, 0, 0, 0, 0, 0, 0, 0, 0, 0, 0, 0, 0, 0, 0, 0, 0, 0,
0, 0, 0, 0, 0, 0, 0, 0, 0, 0, 0, 0, 0, 0, 0, 0, 0, 0, 0, 0, 0, 0, 0, 0, 0, 0, 0, 0, 0, 0, 0, 0, 0, 0, 0,
0, 0, 0, 0, 0, 0, 0, 0, 0, 0, 0, 0, 0, 0, 0, 0, 0, 0, 0, 0, 0, 0, 0, 0, 0, 0, 0, 0, 0, 0, 0, 0, 0, 0, 0,
0, 0, 0, 0, 0, 0, 0, 0, 0, 0, 0, 0, 0, 0, 0, 0, 0, 0, 0, 0, 0, 0, 0, 0, 0, 0, 0, 0, 0, 0, 0, 0, 0, 0, 0,
0, 0, 0, 0, 0, 0, 0, 0, 0, 0, 0, 0, 0, 0, 0, 0, 0, 0, 0, 0, 0, 0, 0, 0, 0, 0, 0, 0, 0, 0, 0, 0, 0, 0, 0,
0, 0, 0, 0, 0, 0, 0, 0, 0, 0, 0, 0, 0, 0, 0, 0, 0, 0, 0, 0, 0, 0, 0, 0, 0, 0, 0, 0, 0, 0, 0, 0, 0, 0, 0,
0, 0, 0, 0, 0, 0, 0, 0, 0, 0, 0, 0, 0, 0, 0, 0, 0, 0, 0, 0, 0, 0, 0, 0, 0, 0, 0, 0, 0, 0, 0, 0, 0, 0, 0,
0, 0, 0, 0, 0, 0, 0, 0, 0, 0, 0, 0, 0, 0, 0, 0, 0, 0, 0, 0, 0, 0, 0, 0, 0, 0, 0, 0, 0, 0, 0, 0, 0, 0, 0,
0, 0, 0, 0, 0, 0, 0, 0, 0, 0, 0, 0, 0, 0, 0, 0, 0, 0, 0, 0, 0, 0, 0, 0, 0, 0, 0, 0, 0, 0, 0, 0, 0, 0, 0,
0, 0, 0, 0, 0, 0, 0, 0, 0, 0, 0, 0, 0, 0, 0, 0, 0, 0, 0, 0, 0, 0, 0, 0, 0, 0, 0, 0, 0, 0, 0, 0, 0, 0, 0,
0, 0, 0, 0, 0, 0, 0, 0, 0, 0, 0, 0, 0, 0, 0, 0, 0, 0, 0, 0, 0, 0, 0, 0, 0, 0, 0, 0, 0, 0, 0, 0, 0, 0, 0,
0, 0, 0, 0, 0, 0, 0, 0, 0, 0, 0, 0, 0, 0, 0, 0, 0, 0, 0, 0, 0, 0, 0, 0, 0, 0, 0, 0, 0, 0, 0, 0, 0, 0, 0,
0, 0, 0, 0, 0, 0, 0, 0, 0, 0, 0, 0, 0, 0, 0, 0, 0, 0, 0, 0, 0, 0, 0, 0, 0, 0, 0, 0, 0, 0, 0, 0, 0, 0, 0,
0, 0, 0, 0, 0, 0, 0, 0, 0, 0, 0, 0, 0, 0, 0, 0, 0, 0, 0, 0, 0, 0, 0, 0, 0, 0, 0, 0, 0, 0, 0, 0, 0, 0, 0,
0, 0, 0, 0, 0, 0, 0, 0, 0, 0, 0, 0, 0, 0, 0, 0, 0, 0, 0, 0, 0, 0, 0, 0, 0, 0, 0, 0, 0, 0, 0, 0, 0, 0, 0,
0, 0, 0, 0, 0, 0, 0, 0, 0, 0, 0, 0, 0, 0, 0, 0, 0, 0, 0, 0, 0, 0, 0, 0, 0, 0, 0, 0, 0, 0, 0, 0, 0, 0, 0,
0, 0, 0, 0, 0, 0, 0, 0, 0, 0, 0, 0, 0, 0, 0, 0, 0, 0, 0, 0, 0, 0, 0, 0, 0, 0, 0, 0, 0, 0, 0, 0, 0, 0, 0,
0, 0, 0, 0, 0, 0, 0, 0, 0, 0, 0, 0, 0, 0, 0, 0, 0, 0, 0, 0, 0, 0, 0, 0, 0, 0, 0, 0, 0, 0, 0, 0, 0, 0, 0,
0, 0, 0, 0, 0, 0, 0, 0, 0, 0, 0, 0, 0, 0, 0, 0, 0, 0, 0, 0, 0, 0, 0, 0, 0, 0, 0, 0, 0, 0, 0, 0, 0, 0, 0,
0, 0, 0, 0, 0, 0, 0, 0, 0, 0, 0, 0, 0, 0, 0, 0, 0, 0, 0, 0, 0, 0, 0, 0, 0, 0, 0, 0, 0, 0, 0, 0, 0, 0, 0,
0, 0, 0, 
print model ok!

start rec...
start rec...
get noise again...
speeking...
frm_num=57
-78, 37, 25, 38, 32, 37, 34, 38, 37, 38, 35, 35, 171, 83, 73, 61, 22, -54, -53, 13, 16, 4, -44, -18, 189, 55, 53, 74, 51, -45, -62, -9, -8, -25, -25,
-21, 236, 60, 43, 48, 27, -63, -63, 40, 4, -59, -74, -24, 231, 100, 32, 73, 33, -35, -34, 28, -29, -69, -38, -25, 221, 24, 55, 108, 55, -51, -37, 32, -57, -96,
-38, 14, 304, -164, -23, 162, -11, -132, -17, 111, -72, -99, 16, -8, 379, -113, -18, 112, -102, -198, -88, 149, 4, -99, -9, -62, 359, -71, -13, -1, -72, -190, -99, 163, -14,
-108, 14, -34, 323, -86, -92, -60, -64, -114, -70, 79, 3, -114, 47, -36, 318, -94, -60, -1, -11, -129, -27, 86, -58, -135, -12, -32, 328, -116, -5, 1, -67, -162, 16, 108,
-112, -182, 6, -36, 346, -107, -7, -70, -133, -149, 58, 123, -112, -123, 92, -62, 333, -169, -92, -82, -172, -148, 30, 167, -14, -83, 85, -2, 364, -132, -32, -59, -79, -136, -26,
114, 6, -94, 52, -24, 406, -132, -59, 56, -52, -115, -45, 90, -8, -95, 53, -49, 439, -68, -46, 27, -49, -128, -10, 96, -24, -120, 31, -54, 373, -7, 28, 14, -51, -72,
15, 54, -90, -78, 70, -36, 335, -68, 26, 76, 1, -20, 58, 51, -117, -120, 31, -22, 308, -50, 24, 26, -32, -46, 43, 124, -32, -86, -10, -31, 436, -22, -38, -57, 9,
-79, 2, 105, -25, -95, 15, -1, 323, 25, -2, 25, 39, -97, -42, 97, 11, -97, -19, 7, 316, 45, 67, 59, -53, -93, -9, 69, -41, -55, 3, -36, 322, 17, 52, 85,
-74, -136, 16, 65, -67, -45, 42, -17, 337, 47, 31, 38, -25, -116, -26, 62, -39, -10, 9, -39, 323, 104, 48, -19, 15, -108, -4, 2, -37, -67, -35, -65, 203, 29, 96,
-73, 50, -151, 24, -34, 14, -99, -121, 50, 156, -59, 25, -155, 30, -73, 7, -2, 43, -136, -95, 34, 148, -58, -23, -178, 74, -90, -19, 46, 59, -62, 7, 31, 186, -72,
-54, -103, 32, -101, -41, -2, 86, -62, 6, 34, 230, -17, -41, -121, 83, -94, -32, 9, 47, -113, 36, -30, 260, -16, -31, -82, 28, -115, -9, 42, 0, -106, -22, -78, 230,
-14, 12, -127, 26, -90, 4, 52, -3, -107, -32, -25, 221, -8, -27, -179, -9, -52, 9, 31, 26, -145, -43, 2, 165, -62, -34, -235, 12, -31, -28, 28, 26, -77, 5, -4,
149, -55, -59, -209, 0, -47, -79, 8, 26, -77, 8, -31, 227, -7, -74, -236, 3, 0, -38, 68, -19, -119, 8, -37, 186, 79, -101, -260, 10, 62, -33, 37, -10, -131, 0,
-59, 164, 33, -46, -148, 83, 15, -38, 28, -39, -126, 49, -15, 157, 19, -29, -137, 44, -18, -22, 52, 0, -37, 114, 7, 160, 29, 0, -200, 92, 34, -89, 5, -11, -20,
73, -10, 146, 31, 57, -108, 94, -42, -41, 37, -37, -50, 14, 3, 190, 10, 60, -64, 100, 17, -39, 52, -76, -94, 10, -33, 203, -37, -14, -91, 102, 43, 1, 34, -37,
-72, -23, -47, 101, -43, -75, -191, 60, 88, 61, 130, 7, -61, 36, -28, 30, -42, -142, -173, 3, 49, 57, 141, 50, -10, 25, 29, 0, 89, -127, -76, -18, 49, -17, 129,
7, 11, 52, -15, -3, 178, -129, -25, -42, -7, -17, 94, -13, -77, -79, -58, -72, 192, -132, -9, 9, -16, 16, 53, -2, -91, -90, -12, -153, 213, -66, 24, -25, -36, -51,
14, -13, -61, 6, 37, -36, 183, -48, -101, -162, -41, -54, 64, 45, -46, -24, 39, 55, 123, -38, -157, -172, -15, 2, 70, 63, -43, -55, -25, 122, 42, -87, -172, -111, 23,
21, 96, 27, -42, -103, -35, 149, -8, -123, -160, -61, 28, 26, 52, 27, -10, -93, -37, 140, -19, -78, -97, -22, 55, -53, 77, 0, 21, -85, -17, 91, -47, -95, -17, 27,
26, -16, 31, -3, -42, -109, -31, 129, -70, -129, -42, 75, 63, -29, 35, -94, -17, -33, -19, 0, 0, 0, 0, 0, 0, 0, 0, 0, 0, 0, 0, 0, 0, 0, 0,
0, 0, 0, 0, 0, 0, 0, 0, 0, 0, 0, 0, 0, 0, 0, 0, 0, 0, 0, 0, 0, 0, 0, 0, 0, 0, 0, 0, 0, 0, 0, 0, 0, 0, 0,
0, 0, 0, 0, 0, 0, 0, 0, 0, 0, 0, 0, 0, 0, 0, 0, 0, 0, 0, 0, 0, 0, 0, 0, 0, 0, 0, 0, 0, 0, 0, 0, 0, 0, 0,
0, 0, 0, 0, 0, 0, 0, 0, 0, 0, 0, 0, 0, 0, 0, 0, 0, 0, 0, 0, 0, 0, 0, 0, 0, 0, 0, 0, 0, 0, 0, 0, 0, 0, 0,
0, 0, 0, 0, 0, 0, 0, 0, 0, 0, 0, 0, 0, 0, 0, 0, 0, 0, 0, 0, 0, 0, 0, 0, 0, 0, 0, 0, 0, 0, 0, 0, 0, 0, 0,
0, 0, 0, 0, 0, 0, 0, 0, 0, 0, 0, 0, 0, 0, 0, 0, 0, 0, 0, 0, 0, 0, 0, 0, 0, 0, 0, 0, 0, 0, 0, 0, 0, 0, 0,
0, 0, 0, 0, 0, 0, 0, 0, 0, 0, 0, 0, 0, 0, 0, 0, 0, 0, 0, 0, 0, 0, 0, 0, 0, 0, 0, 0, 0, 0, 0, 0, 0, 0, 0,
0, 0, 0, 0, 0, 0, 0, 0, 0, 0, 0, 0, 0, 0, 0, 0, 0, 0, 0, 0, 0, 0, 0, 0, 0, 0, 0, 0, 0, 0, 0, 0, 0, 0, 0,
0, 0, 0, 0, 0, 0, 0, 0, 0, 0, 0, 0, 0, 0, 0, 0, 0, 0, 0, 0, 0, 0, 0, 0, 0, 0, 0, 0, 0, 0, 0, 0, 0, 0, 0,
0, 0, 0, 0, 0, 0, 0, 0, 0, 0, 0, 0, 0, 0, 0, 0, 0, 0, 0, 0, 0, 0, 0, 0, 0, 0, 0, 0, 0, 0, 0, 0, 0, 0, 0,
0, 0, 0, 0, 0, 0, 0, 0, 0, 0, 0, 0, 0, 0, 0, 0, 0, 0, 0, 0, 0, 0, 0, 0, 0, 0, 0, 0, 0, 0, 0, 0, 0, 0, 0,
0, 0, 0, 0, 0, 0, 0, 0, 0, 0, 0, 0, 0, 0, 0, 0, 0, 0, 0, 0, 0, 0, 0, 0, 0, 0, 0, 0, 0, 0, 0, 0, 0, 0, 0,
0, 0, 0, 0, 0, 0, 0, 0, 0, 0, 0, 0, 0, 0, 0, 0, 0, 0, 0, 0, 0, 0, 0, 0, 0, 0, 0, 0, 0, 0, 0, 0, 0, 0, 0,
0, 0, 0, 0, 0, 0, 0, 0, 0, 0, 0, 0, 0, 0, 0, 0, 0, 0, 0, 0, 0, 0, 0, 0, 0, 0, 0, 0, 0, 0, 0, 0, 0, 0, 0,
0, 0, 0, 0, 0, 0, 0, 0, 0, 0, 0, 0, 0, 0, 0, 0, 0, 0, 0, 0, 0, 0, 0, 0, 0, 0, 0, 0, 0, 0, 0, 0, 0, 0, 0,
0, 0, 0, 0, 0, 0, 0, 0, 0, 0, 0, 0, 0, 0, 0, 0, 0, 0, 0, 0, 0, 0, 0, 0, 0, 0, 0, 0, 0, 0, 0, 0, 0, 0, 0,
0, 0, 0, 0, 0, 0, 0, 0, 0, 0, 0, 0, 0, 0, 0, 0, 0, 0, 0, 0, 0, 0, 0, 0, 0, 0, 0, 0, 0, 0, 0, 0, 0, 0, 0,
0, 0, 0, 0, 0, 0, 0, 0, 0, 0, 0, 0, 0, 0, 0, 0, 0, 0, 0, 0, 0, 0, 0, 0, 0, 0, 0, 0, 0, 0, 0, 0, 0, 0, 0,
0, 0, 0, 0, 0, 0, 0, 0, 0, 0, 0, 0, 0, 0, 0, 0, 0, 0, 0, 0, 0, 0, 0, 0, 0, 0, 0, 0, 0, 0, 0, 0, 0, 0, 0,
0, 0, 0, 0, 0, 0, 0, 0, 0, 0, 0, 0, 0, 0, 0, 0, 0, 0, 0, 0, 0, 0, 0, 0, 0, 0, 0, 0, 0, 0, 0, 0, 0, 0, 0,
0, 0, 0, 0, 0, 0, 0, 0, 0, 0, 0, 0, 0, 0, 0, 0, 0, 0, 0, 0, 0, 0, 0, 0, 0, 0, 0, 0, 0, 0, 0, 0, 0, 0, 0,
0, 0, 0, 0, 0, 0, 0, 0, 0, 0, 0, 0, 0, 0, 0, 0, 0, 0, 0, 0, 0, 0, 0, 0, 0, 0, 0, 0, 0, 0, 0, 0, 0, 0, 0,
0, 0, 0, 0, 0, 0, 0, 0, 0, 0, 0, 0, 0, 0, 0, 0, 0, 0, 0, 0, 0, 0, 0, 0, 0, 0, 0, 0, 0, 0, 0, 0, 0, 0, 0,
0, 0, 0, 0, 0, 0, 0, 0, 0, 0, 0, 0, 0, 0, 0, 0, 0, 0, 0, 0, 0, 0, 0, 0, 0, 0, 0, 0, 0, 0, 0, 0, 0, 0, 0,
0, 0, 0, 0, 0, 0, 0, 0, 0, 0, 0, 0, 0, 0, 0, 0, 0, 0, 0, 0, 0, 0, 0, 0, 0, 0, 0, 0, 0, 0, 0, 0, 0, 0, 0,
0, 0, 0, 0, 0, 0, 0, 0, 0, 0, 0, 0, 0, 0, 0, 0, 0, 0, 0, 0, 0, 0, 0, 0, 0, 0, 0, 0, 0, 0, 0, 0, 0, 0, 0,
0, 0, 0, 0, 0, 0, 0, 0, 0, 0, 0, 0, 0, 0, 0, 0, 0, 0, 0, 0, 0, 0, 0, 0, 0, 0, 0, 0, 0, 0, 0, 0, 0, 0, 0,
0, 0, 0, 0, 0, 0, 0, 0, 0, 0, 0, 0, 0, 0, 0, 0, 0, 0, 0, 0, 0, 0, 0, 0, 0, 0, 0, 0, 0, 0, 0, 0, 0, 0, 0,
0, 0, 0, 0, 0, 0, 0, 0, 0, 0, 0, 0, 0, 0, 0, 0, 0, 0, 0, 0, 0, 0, 0, 0, 0, 0, 0, 0, 0, 0, 0, 0, 0, 0, 0,
0, 0, 0, 0, 0, 0, 0, 0, 0, 0, 0, 0, 0, 0, 0, 0, 0, 0, 0, 0, 0, 0, 0, 0, 0, 0, 0, 0, 0, 0, 0, 0, 0, 0, 0,
0, 0, 0, 0, 0, 0, 0, 0, 0, 0, 0, 0, 0, 0, 0, 0, 0, 0, 0, 0, 0, 0, 0, 0, 0, 0, 0, 0, 0, 0, 0, 0, 0, 0, 0,
0, 0, 0, 0, 0, 0, 0, 0, 0, 0, 0, 0, 0, 0, 0, 0, 0, 0, 0, 0, 0, 0, 0, 0, 0, 0, 0, 0, 0, 0, 0, 0, 0, 0, 0,
0, 0, 0, 0, 0, 0, 0, 0, 0, 0, 0, 0, 0, 0, 0, 0, 0, 0, 0, 0, 0, 0, 0, 0, 0, 0, 0, 0, 0, 0, 0, 0, 0, 0, 0,
0, 0, 0, 0, 0, 0, 0, 0, 0, 0, 0, 0, 0, 0, 0, 0, 0, 0, 0, 0, 0, 0, 0, 0, 0, 0, 0, 0, 0, 0, 0, 0, 0, 0, 0,
0, 0, 0, 0, 0, 0, 0, 0, 0, 0, 0, 0, 0, 0, 0, 0, 0, 0, 0, 0, 0, 0, 0, 0, 0, 0, 0, 0, 0, 0, 0, 0, 0, 0, 0,
0, 0, 0, 0, 0, 0, 0, 0, 0, 0, 0, 0, 0, 0, 0, 0, 0, 0, 0, 0, 0, 0, 0, 0, 0, 0, 0, 0, 0, 0, 0, 0, 0, 0, 0,
0, 0, 0, 0, 0, 0, 0, 0, 0, 0, 0, 0, 0, 0, 0, 0, 0, 0, 0, 0, 0, 0, 0, 0, 0, 0, 0, 0, 0, 0, 0, 0, 0, 0, 0,
0, 0, 0, 0, 0, 0, 0, 0, 0, 0, 0, 0, 0, 0, 0, 0, 0, 0, 0, 0, 0, 0, 0, 0, 0, 0, 0, 0, 0, 0, 0, 0, 0, 0, 0,
0, 0, 0, 0, 0, 0, 0, 0, 0, 0, 0, 0, 0, 0, 0, 0, 0, 0, 0, 0, 0, 0, 0, 0, 0, 0, 0, 0, 0, 0, 0, 0, 0, 0, 0,
0, 0, 0, 0, 0, 0, 0, 0, 0, 0, 0, 0, 0, 0, 0, 0, 0, 0, 0, 0, 0, 0, 0, 0, 0, 0, 0, 0, 0, 0, 0, 0, 0, 0, 0,
0, 0, 0, 0, 0, 0, 0, 0, 0, 0, 0, 0, 0, 0, 0, 0, 0, 0, 0, 0, 0, 0, 0, 0, 0, 0, 0, 0, 0, 0, 0, 0, 0, 0, 0,
0, 0, 0, 0, 0, 0, 0, 0, 0, 0, 0, 0, 0, 0, 0, 0, 0, 0, 0, 0, 0, 0, 0, 0, 0, 0, 0, 0, 0, 0, 0, 0, 0, 0, 0,
0, 0, 0, 0, 0, 0, 0, 0, 0, 0, 0, 0, 0, 0, 0, 0, 0, 0, 0, 0, 0, 0, 0, 0, 0, 0, 0, 0, 0, 0, 0, 0, 0, 0, 0,
0, 0, 0, 0, 0, 0, 0, 0, 0, 0, 0, 0, 0, 0, 0, 0, 0, 0, 0, 0, 0, 0, 0, 0, 0, 0, 0, 0, 0, 0, 0, 0, 0, 0, 0,
0, 0, 0, 0, 0, 0, 0, 0, 0, 0, 0, 0, 0, 0, 0, 0, 0, 0, 0, 0, 0, 0, 0, 0, 0, 0, 0, 0, 0, 0, 0, 0, 0, 0, 0,
0, 0, 0, 0, 0, 0, 0, 0, 0, 0, 0, 0, 0, 0, 0, 0, 0, 0, 0, 0, 0, 0, 0, 0, 0, 0, 0, 0, 0, 0, 0, 0, 0, 0, 0,
0, 0, 0, 0, 0, 0, 0, 0, 0, 0, 0, 0, 0, 0, 0, 0, 0, 0, 0, 0, 0, 0, 0, 0, 0, 0, 0, 0, 0, 0, 0, 0, 0, 0, 0,
0, 0, 0, 0, 0, 0, 0, 0, 0, 0, 0, 0, 0, 0, 0, 0, 0, 0, 0, 0, 0, 0, 0, 0, 0, 0, 0, 0, 0, 0, 0, 0, 0, 0, 0,
0, 0, 0, 0, 0, 0, 0, 0, 0, 0, 0, 0, 0, 0, 0, 0, 0, 0, 0, 0, 0, 0, 0, 0, 0, 0, 0, 0, 0, 0, 0, 0, 0, 0, 0,
0, 0, 0, 0, 0, 0, 0, 0, 0, 0, 0, 0, 0, 0, 0, 0, 0, 0, 0, 0, 0, 0, 0, 0, 0, 0, 0, 0, 0, 0, 0, 0, 0, 0, 0,
0, 0, 0, 0, 0, 0, 0, 0, 0, 0, 0, 0, 0, 0, 0, 0, 0, 0, 0, 0, 0, 0, 0, 0, 0, 0, 0, 0, 0, 0, 0, 0, 0, 0, 0,
0, 0, 0, 0, 0, 0, 0, 0, 0, 0, 0, 0, 0, 0, 0, 0, 0, 0, 0, 0, 0, 0, 0, 0, 0, 0, 0, 0, 0, 0, 0, 0, 0, 0, 0,
0, 0, 0, 0, 0, 0, 0, 0, 0, 0, 0, 0, 0, 0, 0, 0, 0, 0, 0, 0, 0, 0, 0, 0, 0, 0, 0, 0, 0, 0, 0, 0, 0, 0, 0,
0, 0, 0, 0, 0, 0, 0, 0, 0, 0, 0, 0, 0, 0, 0, 0, 0, 0, 0, 0, 0, 0, 0, 0, 0, 0, 0, 0, 0, 0, 0, 0, 0, 0, 0,
0, 0, 0, 0, 0, 0, 0, 0, 0, 0, 0, 0, 0, 0, 0, 0, 0, 0, 0, 0, 0, 0, 0, 0, 0, 0, 0, 0, 0, 0, 0, 0, 0, 0, 0,
0, 0, 0, 0, 0, 0, 0, 0, 0, 0, 0, 0, 0, 0, 0, 0, 0, 0, 0, 0, 0, 0, 0, 0, 0, 0, 0, 0, 0, 0, 0, 0, 0, 0, 0,
0, 0, 0, 
print model ok!

