start rec...
get noise again...
speeking...
frm_num=92
-70, 30, 18, 29, 24, 29, 26, 29, 29, 30, 27, 27, 137, 42, 92, 121, 37, -89, -79, 21, -29, -43, -22, 2, 178, 16, 91, 99, 36, -81, -66, 10, -55, -61, -46,
-20, 182, 69, 67, 101, 18, -60, -52, 7, -59, -49, -16, -23, 174, 45, 63, 88, 79, -99, -45, 58, -24, -66, -49, -20, 212, 21, 42, 80, 67, -24, -14, -1, -36, -83,
-30, -65, 186, 76, 44, 76, 20, -26, 6, 39, -17, -75, -56, -41, 49, 137, 35, 119, 16, -6, -29, 45, -15, -64, -36, -29, 23, 190, 5, 91, -12, 12, -21, 52, -34,
-85, -88, 1, 10, 202, -13, 116, -18, -3, -58, 55, -2, -72, -58, -11, -2, 203, 17, 18, -47, -31, -38, 40, 29, -25, -55, 3, 90, 250, -30, -106, -64, -39, -1, 34,
5, -37, -45, -5, 121, 202, -29, -147, -89, -35, 15, 33, -26, -99, -73, 6, 172, 96, -92, -177, -42, 11, 33, 15, -49, -88, -63, 19, 215, -54, -127, -214, -31, 44, 58,
21, -72, -60, 0, 1, 129, -169, -166, -144, -67, 1, 57, 60, -85, 22, 65, 2, 167, -175, -137, -53, -17, -77, 31, 18, -100, 2, 43, 34, 248, -197, -187, -3, 21, -116,
63, 39, -102, -35, 8, 6, 220, -205, -137, 10, 73, -122, 39, 23, -108, -4, 0, -43, 204, -188, -149, 21, 143, -87, 29, -36, -107, -7, 24, -5, 172, -218, -163, 54, 113,
-48, 71, -3, -92, -26, -34, -37, 225, -211, -163, -38, 65, -30, 102, 10, -104, -12, -35, -24, 204, -214, -192, -25, 76, -66, 73, 3, -134, 13, -22, -20, 260, -239, -162, -43,
90, -54, 67, -28, -148, 23, 23, 0, 239, -205, -134, -87, 45, -54, 56, 1, -101, 25, 4, -52, 264, -241, -137, -74, 34, -2, 65, -19, -76, -5, -18, -47, 198, -198, -53,
-1, 87, -31, -19, -33, -38, 1, 0, 22, 226, -129, -67, -27, 17, -50, 4, 0, -46, 11, 10, -12, 259, -122, -122, -75, -28, -46, 30, 55, -37, -23, -10, -36, 285, -143,
-79, -62, 20, -15, 69, 36, -60, -12, -38, -15, 289, -131, -95, -38, 22, -59, 25, -15, -42, 20, -36, 5, 285, -51, -134, -54, 43, -33, 42, -21, -84, -3, 21, -7, 244,
-71, -91, -11, 55, -65, -47, -1, -55, -9, 7, 19, 304, -92, -143, -17, 35, -88, -2, 8, -50, -28, 5, -30, 281, -95, -170, -46, -17, -69, -21, 32, -17, -30, -3, -43,
267, -115, -157, -86, -39, -29, -65, 19, 18, -13, 19, -24, 250, -99, -148, -72, -91, -11, -19, 4, 38, -60, -5, -10, 247, -71, -104, -62, -97, -52, -4, 11, 13, -42, -24,
8, 296, -26, -128, -68, -106, -26, -42, 10, 40, -44, -51, 28, 283, -29, -106, -113, -94, -41, -17, -2, 8, -36, -50, 25, 302, 17, -115, -122, -102, -18, -34, 42, 25, -63,
-60, 62, 261, 25, -117, -132, -103, -48, 1, 32, 27, -32, -52, 28, 233, 2, -165, -85, -69, -50, 16, 29, -18, 25, -62, -5, 205, -39, -127, -25, -72, 1, 2, 51, -7,
25, -71, -21, 230, 18, -196, -60, -75, 11, -12, 54, 2, 28, -55, 12, 197, 38, -189, -46, -36, 34, 4, 47, 25, 6, -53, 29, 212, 46, -137, -5, -33, 15, -26, 65,
3, 4, -43, -4, 182, 47, -114, 13, -14, 57, -45, 24, -36, 8, 18, 45, 110, 37, -103, 42, -78, 40, -9, 71, 27, 35, -35, 19, 89, 58, -111, -4, -80, 61, -9,
52, -27, 21, 48, 63, 44, 141, -146, 63, -125, -19, -1, 77, 8, 26, 26, 45, 0, 96, -171, 37, -83, -4, 0, 77, 47, 7, 42, 67, 51, 86, -85, 89, -49, -21,
1, 73, 10, -61, 2, -22, 150, 146, -62, 61, -72, -38, -65, 48, -39, 1, 1, 4, 141, 95, -41, 63, 22, -10, -34, 81, -5, -11, -58, -45, 147, 76, -37, 11, -18,
6, -10, 48, -21, -32, -18, -8, 160, -3, 0, -13, -65, 13, 7, 37, -2, -9, -4, 0, 88, 50, -46, 84, -43, -5, -36, 70, 0, -8, 11, 7, 35, 58, -36, 21,
-75, -13, -49, 66, 44, 69, 66, 15, 86, -151, -138, 158, -1, -94, -36, 94, 55, -6, 21, 37, 177, -118, -95, 193, -8, -154, -62, 122, -3, -76, -37, 43, 278, -93, -129,
82, -50, -124, -75, 91, 17, -76, -36, 12, 326, -76, -106, 23, -45, -167, -46, 96, 31, -97, -45, 3, 319, -82, -141, 79, -91, -197, -16, 122, 28, -137, -40, -13, 301, -81,
-124, 50, -73, -196, -17, 130, 12, -120, -22, -22, 314, -86, -102, 42, -118, -223, -9, 169, 33, -120, -14, -11, 312, -105, -87, -68, -115, -195, -56, 165, -12, -86, 3, -30, 332,
-146, -71, 12, -134, -232, -14, 157, -27, -85, -18, 14, 321, -109, -33, 28, -88, -139, 10, 124, -33, -79, 5, 8, 370, -78, -108, 30, -53, -145, 15, 107, -22, -86, -3, -20,
312, -32, -61, 42, -79, -120, 72, 147, -55, -100, 0, 0, 348, -28, -83, -5, -20, -98, 28, 93, -35, -61, 21, -17, 319, -16, -29, 38, -28, -144, 30, 112, -21, -78, 6,
-11, 278, -44, -33, 57, -50, -122, 16, 129, -8, -77, 4, 4, 201, -54, -10, 77, -56, -114, -21, 59, -31, -19, 53, 33, 204, 0, -8, 5, -27, -143, -47, 112, -35, 5,
69, 21, 222, -7, -28, 22, 9, -87, -24, 72, 1, -18, -7, 22, 276, 43, 16, 44, -57, -132, -75, 75, 42, -16, -12, 33, 254, 47, 64, 35, 2, -137, -72, 82, 3,
-60, -23, -5, 298, 60, 34, 53, -21, -191, -46, 125, -41, -61, -11, 7, 306, -17, 11, 81, 1, -165, -65, 113, -21, -59, -29, -30, 345, -22, -57, -16, 42, -86, -42, 101,
-17, -42, -27, -90, 391, -9, -168, -20, 28, -58, -58, 61, -5, -30, -21, -66, 376, -26, -162, -25, 74, -55, -72, 69, -25, -16, -21, -44, 383, -31, -161, -6, 96, -33, -69,
15, -34, 16, -44, -23, 422, -25, -167, -39, 75, -21, -92, 18, 8, -12, -37, -34, 392, -66, -170, 36, 44, -51, -79, 65, -15, -56, 5, -13, 401, -141, -186, 66, 56, -69,
-42, 74, -62, -81, 23, 24, 394, -194, -168, 95, 64, -117, -10, 53, -84, -94, 33, 67, 310, -169, -137, 74, 32, -114, 32, 74, -70, -88, 13, 43, 258, -161, -97, 91, -8,
-96, 10, 27, -80, -37, 66, 28, 221, -127, -10, 31, -57, -84, -23, 54, -40, -24, 1, 20, 0, 0, 0, 0, 0, 0, 0, 0, 0, 0, 0, 0, 0, 0, 0, 0,
0, 0, 0, 0, 0, 0, 0, 0, 0, 0, 0, 0, 0, 0, 0, 0, 0, 0, 0, 0, 0, 0, 0, 0, 0, 0, 0, 0, 0, 0, 0, 0, 0, 0, 0,
0, 0, 0, 0, 0, 0, 0, 0, 0, 0, 0, 0, 0, 0, 0, 0, 0, 0, 0, 0, 0, 0, 0, 0, 0, 0, 0, 0, 0, 0, 0, 0, 0, 0, 0,
0, 0, 0, 0, 0, 0, 0, 0, 0, 0, 0, 0, 0, 0, 0, 0, 0, 0, 0, 0, 0, 0, 0, 0, 0, 0, 0, 0, 0, 0, 0, 0, 0, 0, 0,
0, 0, 0, 0, 0, 0, 0, 0, 0, 0, 0, 0, 0, 0, 0, 0, 0, 0, 0, 0, 0, 0, 0, 0, 0, 0, 0, 0, 0, 0, 0, 0, 0, 0, 0,
0, 0, 0, 0, 0, 0, 0, 0, 0, 0, 0, 0, 0, 0, 0, 0, 0, 0, 0, 0, 0, 0, 0, 0, 0, 0, 0, 0, 0, 0, 0, 0, 0, 0, 0,
0, 0, 0, 0, 0, 0, 0, 0, 0, 0, 0, 0, 0, 0, 0, 0, 0, 0, 0, 0, 0, 0, 0, 0, 0, 0, 0, 0, 0, 0, 0, 0, 0, 0, 0,
0, 0, 0, 0, 0, 0, 0, 0, 0, 0, 0, 0, 0, 0, 0, 0, 0, 0, 0, 0, 0, 0, 0, 0, 0, 0, 0, 0, 0, 0, 0, 0, 0, 0, 0,
0, 0, 0, 0, 0, 0, 0, 0, 0, 0, 0, 0, 0, 0, 0, 0, 0, 0, 0, 0, 0, 0, 0, 0, 0, 0, 0, 0, 0, 0, 0, 0, 0, 0, 0,
0, 0, 0, 0, 0, 0, 0, 0, 0, 0, 0, 0, 0, 0, 0, 0, 0, 0, 0, 0, 0, 0, 0, 0, 0, 0, 0, 0, 0, 0, 0, 0, 0, 0, 0,
0, 0, 0, 0, 0, 0, 0, 0, 0, 0, 0, 0, 0, 0, 0, 0, 0, 0, 0, 0, 0, 0, 0, 0, 0, 0, 0, 0, 0, 0, 0, 0, 0, 0, 0,
0, 0, 0, 0, 0, 0, 0, 0, 0, 0, 0, 0, 0, 0, 0, 0, 0, 0, 0, 0, 0, 0, 0, 0, 0, 0, 0, 0, 0, 0, 0, 0, 0, 0, 0,
0, 0, 0, 0, 0, 0, 0, 0, 0, 0, 0, 0, 0, 0, 0, 0, 0, 0, 0, 0, 0, 0, 0, 0, 0, 0, 0, 0, 0, 0, 0, 0, 0, 0, 0,
0, 0, 0, 0, 0, 0, 0, 0, 0, 0, 0, 0, 0, 0, 0, 0, 0, 0, 0, 0, 0, 0, 0, 0, 0, 0, 0, 0, 0, 0, 0, 0, 0, 0, 0,
0, 0, 0, 0, 0, 0, 0, 0, 0, 0, 0, 0, 0, 0, 0, 0, 0, 0, 0, 0, 0, 0, 0, 0, 0, 0, 0, 0, 0, 0, 0, 0, 0, 0, 0,
0, 0, 0, 0, 0, 0, 0, 0, 0, 0, 0, 0, 0, 0, 0, 0, 0, 0, 0, 0, 0, 0, 0, 0, 0, 0, 0, 0, 0, 0, 0, 0, 0, 0, 0,
0, 0, 0, 0, 0, 0, 0, 0, 0, 0, 0, 0, 0, 0, 0, 0, 0, 0, 0, 0, 0, 0, 0, 0, 0, 0, 0, 0, 0, 0, 0, 0, 0, 0, 0,
0, 0, 0, 0, 0, 0, 0, 0, 0, 0, 0, 0, 0, 0, 0, 0, 0, 0, 0, 0, 0, 0, 0, 0, 0, 0, 0, 0, 0, 0, 0, 0, 0, 0, 0,
0, 0, 0, 0, 0, 0, 0, 0, 0, 0, 0, 0, 0, 0, 0, 0, 0, 0, 0, 0, 0, 0, 0, 0, 0, 0, 0, 0, 0, 0, 0, 0, 0, 0, 0,
0, 0, 0, 0, 0, 0, 0, 0, 0, 0, 0, 0, 0, 0, 0, 0, 0, 0, 0, 0, 0, 0, 0, 0, 0, 0, 0, 0, 0, 0, 0, 0, 0, 0, 0,
0, 0, 0, 0, 0, 0, 0, 0, 0, 0, 0, 0, 0, 0, 0, 0, 0, 0, 0, 0, 0, 0, 0, 0, 0, 0, 0, 0, 0, 0, 0, 0, 0, 0, 0,
0, 0, 0, 0, 0, 0, 0, 0, 0, 0, 0, 0, 0, 0, 0, 0, 0, 0, 0, 0, 0, 0, 0, 0, 0, 0, 0, 0, 0, 0, 0, 0, 0, 0, 0,
0, 0, 0, 0, 0, 0, 0, 0, 0, 0, 0, 0, 0, 0, 0, 0, 0, 0, 0, 0, 0, 0, 0, 0, 0, 0, 0, 0, 0, 0, 0, 0, 0, 0, 0,
0, 0, 0, 0, 0, 0, 0, 0, 0, 0, 0, 0, 0, 0, 0, 0, 0, 0, 0, 0, 0, 0, 0, 0, 0, 0, 0, 0, 0, 0, 0, 0, 0, 0, 0,
0, 0, 0, 0, 0, 0, 0, 0, 0, 0, 0, 0, 0, 0, 0, 0, 0, 0, 0, 0, 0, 0, 0, 0, 0, 0, 0, 0, 0, 0, 0, 0, 0, 0, 0,
0, 0, 0, 0, 0, 0, 0, 0, 0, 0, 0, 0, 0, 0, 0, 0, 0, 0, 0, 0, 0, 0, 0, 0, 0, 0, 0, 0, 0, 0, 0, 0, 0, 0, 0,
0, 0, 0, 0, 0, 0, 0, 0, 0, 0, 0, 0, 0, 0, 0, 0, 0, 0, 0, 0, 0, 0, 0, 0, 0, 0, 0, 0, 0, 0, 0, 0, 0, 0, 0,
0, 0, 0, 0, 0, 0, 0, 0, 0, 0, 0, 0, 0, 0, 0, 0, 0, 0, 0, 0, 0, 0, 0, 0, 0, 0, 0, 0, 0, 0, 0, 0, 0, 0, 0,
0, 0, 0, 0, 0, 0, 0, 0, 0, 0, 0, 0, 0, 0, 0, 0, 0, 0, 0, 0, 0, 0, 0, 0, 0, 0, 0, 0, 0, 0, 0, 0, 0, 0, 0,
0, 0, 0, 0, 0, 0, 0, 0, 0, 0, 0, 0, 0, 0, 0, 0, 0, 0, 0, 0, 0, 0, 0, 0, 0, 0, 0, 0, 0, 0, 0, 0, 0, 0, 0,
0, 0, 0, 0, 0, 0, 0, 0, 0, 0, 0, 0, 0, 0, 0, 0, 0, 0, 0, 0, 0, 0, 0, 0, 0, 0, 0, 0, 0, 0, 0, 0, 0, 0, 0,
0, 0, 0, 0, 0, 0, 0, 0, 0, 0, 0, 0, 0, 0, 0, 0, 0, 0, 0, 0, 0, 0, 0, 0, 0, 0, 0, 0, 0, 0, 0, 0, 0, 0, 0,
0, 0, 0, 0, 0, 0, 0, 0, 0, 0, 0, 0, 0, 0, 0, 0, 0, 0, 0, 0, 0, 0, 0, 0, 0, 0, 0, 0, 0, 0, 0, 0, 0, 0, 0,
0, 0, 0, 0, 0, 0, 0, 0, 0, 0, 0, 0, 0, 0, 0, 0, 0, 0, 0, 0, 0, 0, 0, 0, 0, 0, 0, 0, 0, 0, 0, 0, 0, 0, 0,
0, 0, 0, 0, 0, 0, 0, 0, 0, 0, 0, 0, 0, 0, 0, 0, 0, 0, 0, 0, 0, 0, 0, 0, 0, 0, 0, 0, 0, 0, 0, 0, 0, 0, 0,
0, 0, 0, 0, 0, 0, 0, 0, 0, 0, 0, 0, 0, 0, 0, 0, 0, 0, 0, 0, 0, 0, 0, 0, 0, 0, 0, 0, 0, 0, 0, 0, 0, 0, 0,
0, 0, 0, 0, 0, 0, 0, 0, 0, 0, 0, 0, 0, 0, 0, 0, 0, 0, 0, 0, 0, 0, 0, 0, 0, 0, 0, 0, 0, 0, 0, 0, 0, 0, 0,
0, 0, 0, 0, 0, 0, 0, 0, 0, 0, 0, 0, 0, 0, 0, 0, 0, 0, 0, 0, 0, 0, 0, 0, 0, 0, 0, 0, 0, 0, 0, 0, 0, 0, 0,
0, 0, 0, 0, 0, 0, 0, 0, 0, 0, 0, 0, 0, 0, 0, 0, 0, 0, 0, 0, 0, 0, 0, 0, 0, 0, 0, 0, 0, 0, 0, 0, 0, 0, 0,
0, 0, 0, 0, 0, 0, 0, 0, 0, 0, 0, 0, 0, 0, 0, 0, 0, 0, 0, 0, 0, 0, 0, 0, 0, 0, 0, 0, 0, 0, 0, 0, 0, 0, 0,
0, 0, 0, 0, 0, 0, 0, 0, 0, 0, 0, 0, 0, 0, 0, 0, 0, 0, 0, 0, 0, 0, 0, 0, 0, 0, 0, 0, 0, 0, 0, 0, 0, 0, 0,
0, 0, 0, 0, 0, 0, 0, 0, 0, 0, 0, 0, 0, 0, 0, 0, 0, 0, 0, 0, 0, 0, 0, 0, 0, 0, 0, 0, 0, 0, 0, 0, 0, 0, 0,
0, 0, 0, 0, 0, 0, 0, 0, 0, 0, 0, 0, 0, 0, 0, 0, 0, 0, 0, 0, 0, 0, 0, 0, 0, 0, 0, 0, 0, 0, 0, 0, 0, 0, 0,
0, 0, 0, 0, 0, 0, 0, 0, 0, 0, 0, 0, 0, 0, 0, 0, 0, 0, 0, 0, 0, 0, 0, 0, 0, 0, 0, 0, 0, 0, 0, 0, 0, 0, 0,
0, 0, 0, 
print model ok!

start rec...
get noise again...
speeking...
frm_num=105
-81, 26, 15, 26, 20, 25, 23, 26, 24, 27, 24, 23, 213, 68, 86, 51, 16, -76, -60, 35, 12, -50, -23, -8, 215, 55, 10, 27, 79, -85, -71, 37, -1, -56, -14,
-17, 207, 61, 23, 45, 61, -89, -60, 52, -27, -15, -7, -29, 224, 54, 24, -2, 26, -33, -8, 54, -11, -60, -22, 1, 170, 65, 86, 64, -9, -73, -2, 57, -7, -60,
-52, -9, 124, 70, 94, 41, -3, -36, 19, 34, -30, -28, -26, -34, 114, 11, 33, 23, 66, -26, -54, 32, 20, -17, -7, 29, 78, 27, 69, 93, 99, -43, -62, 1, -18,
7, 31, 18, 99, 22, 16, 97, 31, -51, -13, 54, 18, -50, -35, -6, -21, 111, 32, 108, 56, 18, -30, 34, -31, -46, -22, -35, -76, 147, -14, 119, 35, 61, -61, 97,
-23, -108, -62, 8, -64, 178, -72, 63, 51, 10, -26, -42, 12, -24, -24, 8, 25, 187, -47, -4, -84, -65, -19, 41, 78, -34, -72, 7, 128, 126, -72, -102, -56, -26, -1,
4, 112, -80, -49, -2, 162, 149, -111, -190, -70, 46, 3, -10, 93, -75, -58, -28, 182, 137, -154, -219, -32, 17, 81, 42, -46, -86, -15, -54, 178, 80, -160, -190, 25, 73,
47, -13, -94, 14, -70, -57, 171, -15, -185, -115, 93, 65, 7, -14, -114, -51, -21, -67, 168, -83, -186, -100, 132, 75, 25, -37, -126, -37, 23, -93, 183, -114, -199, -55, 135,
42, 69, -16, -131, -18, -5, -85, 249, -197, -196, -17, 109, -2, 99, 21, -156, -28, -24, -61, 221, -134, -211, -39, 140, 34, -1, 61, -106, -49, -22, -67, 239, -104, -219, -38,
173, -9, 22, 20, -157, -55, -2, -28, 274, -161, -205, -43, 129, 7, 46, 13, -171, -3, 10, -31, 280, -167, -199, -54, 101, 37, 42, -5, -118, -19, 14, -38, 313, -147, -210,
-40, 106, 56, 9, -52, -95, -33, 21, -65, 275, -132, -145, 1, 113, 35, 28, -59, -136, -18, 11, -24, 303, -56, -141, -27, 117, -14, 31, -34, -140, -2, -28, -9, 289, -53,
-105, -95, 76, 33, 34, -45, -80, -15, -28, -61, 305, -118, -127, -50, 83, 23, 59, -14, -105, -43, -43, -45, 325, -115, -101, -33, 14, -13, 36, -12, -33, -8, -61, -23, 315,
-84, -127, -53, 52, -59, 31, 29, -22, -4, -53, -42, 330, -115, -130, -85, 93, 1, 9, -6, 4, -53, -6, -63, 287, -119, -161, -47, 96, 38, 32, -73, -42, -7, -52, -36,
287, -89, -161, -28, 44, -5, 41, -53, -67, 2, 24, -24, 239, -82, -121, -65, 73, 9, -25, -52, -56, -5, 45, 20, 267, -45, -86, -58, 50, 2, -22, -52, -70, 62, 62,
-23, 293, -36, -74, -102, 14, -36, -13, 24, -14, -9, -28, -61, 307, 8, -85, -119, -19, -35, 1, 40, -35, -31, -18, -73, 321, 33, -53, -97, -43, 5, -13, 22, -38, -26,
-40, -48, 294, 23, -40, -131, -49, 30, -38, 47, -37, -29, -60, -57, 288, 25, -98, -135, -18, -20, -16, 22, -42, -53, -13, -48, 275, -47, -103, -129, -29, -18, 23, 30, 22,
-47, -35, -35, 121, -101, -78, -144, -28, 0, -40, 45, 22, -39, -16, 26, 176, -72, -82, -154, -51, 52, -17, 60, 28, -4, -59, -5, 114, -61, -80, -106, -41, 30, -30, 63,
20, 1, -14, 50, 140, -44, -188, -153, -38, 62, -3, 55, -4, 19, 19, 34, 66, -26, -146, -109, -43, 116, 6, 125, 19, 2, -17, 42, 11, -105, -209, -34, -13, 86, 7,
164, 6, 9, 0, -6, -18, 46, -153, -52, -37, 62, -25, 101, 43, 29, 6, 4, -44, -23, -93, 10, 29, 47, -5, 82, 35, 18, -7, 35, 6, 2, -154, 0, -8, 48,
5, 112, 6, -9, 12, 26, 80, 63, -167, 8, -58, 60, -12, 79, -19, 20, -14, 25, 43, 122, -147, 38, -89, 99, -46, 127, 9, -70, -61, 32, 60, 64, -179, 30, -133,
86, 24, 101, -39, -72, -47, -17, 8, 9, -145, 20, -11, 88, 56, 170, -51, -55, -44, -47, 4, 9, -173, 19, -18, 58, 61, 136, 16, -55, -91, -23, 59, -8, -157, -21,
-9, 33, 16, 138, 22, 20, -10, 16, -29, -47, -122, 19, 22, 25, 4, 100, -6, -13, 6, 2, 53, 15, -80, 50, 4, 25, -15, 33, -34, 9, 25, 22, 19, 49, -35,
95, 32, 49, -68, 85, 16, 9, 9, 14, 38, 10, -26, 58, -4, 6, 29, 47, 7, -34, -6, 34, 91, 38, -6, 66, 14, -3, -44, 95, 25, -15, -24, -13, 114, -3,
13, 45, -13, -39, -49, 37, -15, -33, -17, 9, 87, 46, 0, 66, 62, 11, -59, 33, -18, -9, -20, -31, 99, 25, 11, 49, 46, -31, -61, 73, -15, 0, -20, -7, 141,
-3, 44, 58, 70, -50, -60, 50, -1, -53, 0, 28, 105, 28, 13, 46, -13, -33, -7, 71, 29, -46, -43, -23, 121, 8, 21, 81, 14, -30, -54, 28, 26, -36, -10, 41,
159, -154, -109, 116, 90, -44, -45, 91, 15, -68, -47, 18, 299, -70, -94, 5, 31, -96, -96, 105, 68, -42, -33, -13, 391, -27, -156, -10, -16, -171, -43, 126, 42, -73, -88,
-36, 397, -59, -203, 3, -12, -109, -44, 49, 18, -98, -40, -54, 315, -67, -186, -31, 40, -127, -83, 61, -20, -95, -8, -73, 378, -121, -175, -15, 15, -161, -28, 86, -9, -60,
-9, -39, 361, -154, -146, -10, -16, -196, -23, 106, -36, -87, 23, -50, 345, -134, -85, -4, -25, -190, -4, 115, -52, -66, 80, -25, 337, -136, -118, -26, -61, -175, -95, 93, -28,
-85, 18, -21, 372, -131, -93, 14, -30, -151, -99, 105, -15, -107, 63, 18, 371, -167, -152, 52, -14, -139, 1, 114, -22, -104, 20, -29, 363, -98, -135, -32, 0, -115, -14, 114,
16, -93, -44, -3, 330, -92, -122, 19, 32, -67, 12, 71, -8, -85, 2, -24, 311, -57, -24, 45, -1, -95, 33, 77, -48, -90, 16, -10, 332, -48, -51, 75, 2, -119, -32,
92, -18, -80, -33, -31, 257, -33, -48, 65, 27, -135, -52, 89, 47, -91, -78, -11, 248, -66, -94, 8, -12, -122, -9, 115, 21, -65, -45, 32, 234, -64, -120, -26, -23, -116,
-3, 111, -7, -13, 7, 34, 246, -49, -81, -54, 6, -13, -28, 98, -11, -60, 16, -20, 325, -27, -68, -4, 39, -69, -44, 93, -5, -52, -61, -8, 326, -27, -10, 3, 46,
-130, -56, 80, -27, -76, -58, -32, 311, 41, -8, -25, 60, -149, -58, 84, -31, -36, -82, -33, 366, -25, -118, -77, 86, -98, -35, 68, -59, 3, -62, -57, 388, -81, -197, -89,
104, -66, -47, 27, -34, -38, -26, -62, 401, -103, -250, -43, 114, 4, -26, -14, -46, -49, -42, -66, 383, -127, -273, -36, 140, 0, -46, 21, -42, -52, -47, -51, 368, -123, -271,
-25, 97, -10, -49, 3, -60, -43, -15, -15, 405, -101, -256, -73, 124, -34, -44, 57, -88, -64, -16, 12, 372, -148, -206, -44, 104, -41, 37, 41, -111, -79, -24, -3, 346, -146,
-157, 17, 102, -73, -13, 79, -70, -99, 4, -24, 337, -130, -121, 50, 114, -128, 23, 70, -140, -134, 34, -11, 330, -73, -99, -54, 110, -69, 32, 66, -119, -116, 15, -4, 328,
-119, -84, 17, 121, -63, -10, 29, -66, -66, 19, -36, 268, -154, -31, 22, 80, -42, -9, 10, 2, -42, -56, -43, 270, -92, -61, -31, 77, -42, -49, 23, 6, -55, -34, -45,
0, 0, 0, 0, 0, 0, 0, 0, 0, 0, 0, 0, 0, 0, 0, 0, 0, 0, 0, 0, 0, 0, 0, 0, 0, 0, 0, 0, 0, 0, 0, 0, 0, 0, 0,
0, 0, 0, 0, 0, 0, 0, 0, 0, 0, 0, 0, 0, 0, 0, 0, 0, 0, 0, 0, 0, 0, 0, 0, 0, 0, 0, 0, 0, 0, 0, 0, 0, 0, 0,
0, 0, 0, 0, 0, 0, 0, 0, 0, 0, 0, 0, 0, 0, 0, 0, 0, 0, 0, 0, 0, 0, 0, 0, 0, 0, 0, 0, 0, 0, 0, 0, 0, 0, 0,
0, 0, 0, 0, 0, 0, 0, 0, 0, 0, 0, 0, 0, 0, 0, 0, 0, 0, 0, 0, 0, 0, 0, 0, 0, 0, 0, 0, 0, 0, 0, 0, 0, 0, 0,
0, 0, 0, 0, 0, 0, 0, 0, 0, 0, 0, 0, 0, 0, 0, 0, 0, 0, 0, 0, 0, 0, 0, 0, 0, 0, 0, 0, 0, 0, 0, 0, 0, 0, 0,
0, 0, 0, 0, 0, 0, 0, 0, 0, 0, 0, 0, 0, 0, 0, 0, 0, 0, 0, 0, 0, 0, 0, 0, 0, 0, 0, 0, 0, 0, 0, 0, 0, 0, 0,
0, 0, 0, 0, 0, 0, 0, 0, 0, 0, 0, 0, 0, 0, 0, 0, 0, 0, 0, 0, 0, 0, 0, 0, 0, 0, 0, 0, 0, 0, 0, 0, 0, 0, 0,
0, 0, 0, 0, 0, 0, 0, 0, 0, 0, 0, 0, 0, 0, 0, 0, 0, 0, 0, 0, 0, 0, 0, 0, 0, 0, 0, 0, 0, 0, 0, 0, 0, 0, 0,
0, 0, 0, 0, 0, 0, 0, 0, 0, 0, 0, 0, 0, 0, 0, 0, 0, 0, 0, 0, 0, 0, 0, 0, 0, 0, 0, 0, 0, 0, 0, 0, 0, 0, 0,
0, 0, 0, 0, 0, 0, 0, 0, 0, 0, 0, 0, 0, 0, 0, 0, 0, 0, 0, 0, 0, 0, 0, 0, 0, 0, 0, 0, 0, 0, 0, 0, 0, 0, 0,
0, 0, 0, 0, 0, 0, 0, 0, 0, 0, 0, 0, 0, 0, 0, 0, 0, 0, 0, 0, 0, 0, 0, 0, 0, 0, 0, 0, 0, 0, 0, 0, 0, 0, 0,
0, 0, 0, 0, 0, 0, 0, 0, 0, 0, 0, 0, 0, 0, 0, 0, 0, 0, 0, 0, 0, 0, 0, 0, 0, 0, 0, 0, 0, 0, 0, 0, 0, 0, 0,
0, 0, 0, 0, 0, 0, 0, 0, 0, 0, 0, 0, 0, 0, 0, 0, 0, 0, 0, 0, 0, 0, 0, 0, 0, 0, 0, 0, 0, 0, 0, 0, 0, 0, 0,
0, 0, 0, 0, 0, 0, 0, 0, 0, 0, 0, 0, 0, 0, 0, 0, 0, 0, 0, 0, 0, 0, 0, 0, 0, 0, 0, 0, 0, 0, 0, 0, 0, 0, 0,
0, 0, 0, 0, 0, 0, 0, 0, 0, 0, 0, 0, 0, 0, 0, 0, 0, 0, 0, 0, 0, 0, 0, 0, 0, 0, 0, 0, 0, 0, 0, 0, 0, 0, 0,
0, 0, 0, 0, 0, 0, 0, 0, 0, 0, 0, 0, 0, 0, 0, 0, 0, 0, 0, 0, 0, 0, 0, 0, 0, 0, 0, 0, 0, 0, 0, 0, 0, 0, 0,
0, 0, 0, 0, 0, 0, 0, 0, 0, 0, 0, 0, 0, 0, 0, 0, 0, 0, 0, 0, 0, 0, 0, 0, 0, 0, 0, 0, 0, 0, 0, 0, 0, 0, 0,
0, 0, 0, 0, 0, 0, 0, 0, 0, 0, 0, 0, 0, 0, 0, 0, 0, 0, 0, 0, 0, 0, 0, 0, 0, 0, 0, 0, 0, 0, 0, 0, 0, 0, 0,
0, 0, 0, 0, 0, 0, 0, 0, 0, 0, 0, 0, 0, 0, 0, 0, 0, 0, 0, 0, 0, 0, 0, 0, 0, 0, 0, 0, 0, 0, 0, 0, 0, 0, 0,
0, 0, 0, 0, 0, 0, 0, 0, 0, 0, 0, 0, 0, 0, 0, 0, 0, 0, 0, 0, 0, 0, 0, 0, 0, 0, 0, 0, 0, 0, 0, 0, 0, 0, 0,
0, 0, 0, 0, 0, 0, 0, 0, 0, 0, 0, 0, 0, 0, 0, 0, 0, 0, 0, 0, 0, 0, 0, 0, 0, 0, 0, 0, 0, 0, 0, 0, 0, 0, 0,
0, 0, 0, 0, 0, 0, 0, 0, 0, 0, 0, 0, 0, 0, 0, 0, 0, 0, 0, 0, 0, 0, 0, 0, 0, 0, 0, 0, 0, 0, 0, 0, 0, 0, 0,
0, 0, 0, 0, 0, 0, 0, 0, 0, 0, 0, 0, 0, 0, 0, 0, 0, 0, 0, 0, 0, 0, 0, 0, 0, 0, 0, 0, 0, 0, 0, 0, 0, 0, 0,
0, 0, 0, 0, 0, 0, 0, 0, 0, 0, 0, 0, 0, 0, 0, 0, 0, 0, 0, 0, 0, 0, 0, 0, 0, 0, 0, 0, 0, 0, 0, 0, 0, 0, 0,
0, 0, 0, 0, 0, 0, 0, 0, 0, 0, 0, 0, 0, 0, 0, 0, 0, 0, 0, 0, 0, 0, 0, 0, 0, 0, 0, 0, 0, 0, 0, 0, 0, 0, 0,
0, 0, 0, 0, 0, 0, 0, 0, 0, 0, 0, 0, 0, 0, 0, 0, 0, 0, 0, 0, 0, 0, 0, 0, 0, 0, 0, 0, 0, 0, 0, 0, 0, 0, 0,
0, 0, 0, 0, 0, 0, 0, 0, 0, 0, 0, 0, 0, 0, 0, 0, 0, 0, 0, 0, 0, 0, 0, 0, 0, 0, 0, 0, 0, 0, 0, 0, 0, 0, 0,
0, 0, 0, 0, 0, 0, 0, 0, 0, 0, 0, 0, 0, 0, 0, 0, 0, 0, 0, 0, 0, 0, 0, 0, 0, 0, 0, 0, 0, 0, 0, 0, 0, 0, 0,
0, 0, 0, 0, 0, 0, 0, 0, 0, 0, 0, 0, 0, 0, 0, 0, 0, 0, 0, 0, 0, 0, 0, 0, 0, 0, 0, 0, 0, 0, 0, 0, 0, 0, 0,
0, 0, 0, 0, 0, 0, 0, 0, 0, 0, 0, 0, 0, 0, 0, 0, 0, 0, 0, 0, 0, 0, 0, 0, 0, 0, 0, 0, 0, 0, 0, 0, 0, 0, 0,
0, 0, 0, 0, 0, 0, 0, 0, 0, 0, 0, 0, 0, 0, 0, 0, 0, 0, 0, 0, 0, 0, 0, 0, 0, 0, 0, 0, 0, 0, 0, 0, 0, 0, 0,
0, 0, 0, 0, 0, 0, 0, 0, 0, 0, 0, 0, 0, 0, 0, 0, 0, 0, 0, 0, 0, 0, 0, 0, 0, 0, 0, 0, 0, 0, 0, 0, 0, 0, 0,
0, 0, 0, 0, 0, 0, 0, 0, 0, 0, 0, 0, 0, 0, 0, 0, 0, 0, 0, 0, 0, 0, 0, 0, 0, 0, 0, 0, 0, 0, 0, 0, 0, 0, 0,
0, 0, 0, 0, 0, 0, 0, 0, 0, 0, 0, 0, 0, 0, 0, 0, 0, 0, 0, 0, 0, 0, 0, 0, 0, 0, 0, 0, 0, 0, 0, 0, 0, 0, 0,
0, 0, 0, 0, 0, 0, 0, 0, 0, 0, 0, 0, 0, 0, 0, 0, 0, 0, 0, 0, 0, 0, 0, 0, 0, 0, 0, 0, 0, 0, 0, 0, 0, 0, 0,
0, 0, 0, 0, 0, 0, 0, 0, 0, 0, 0, 0, 0, 0, 0, 0, 0, 0, 0, 0, 0, 0, 0, 0, 0, 0, 0, 0, 0, 0, 0, 0, 0, 0, 0,
0, 0, 0, 0, 0, 0, 0, 0, 0, 0, 0, 0, 0, 0, 0, 0, 0, 0, 0, 0, 0, 0, 0, 0, 0, 0, 0, 0, 0, 0, 0, 0, 0, 0, 0,
0, 0, 0, 0, 0, 0, 0, 0, 0, 0, 0, 0, 0, 0, 0, 0, 0, 0, 0, 0, 0, 0, 0, 0, 0, 0, 0, 0, 0, 0, 0, 0, 0, 0, 0,
0, 0, 0, 0, 0, 0, 0, 0, 0, 0, 0, 0, 0, 0, 0, 0, 0, 0, 0, 0, 0, 0, 0, 0, 0, 0, 0, 0, 0, 0, 0, 0, 0, 0, 0,
0, 0, 0, 
print model ok!

start rec...
get noise again...
speeking...
frm_num=100
-76, 27, 15, 26, 21, 26, 24, 26, 26, 27, 24, 24, 95, 13, 64, 92, 45, -39, -12, 45, -33, -69, -24, -48, 151, 55, 76, 38, 39, -14, -3, 31, -32, -19, -46,
-26, 130, 32, 37, 61, 63, -1, -35, 9, -41, -49, -33, -69, 103, 50, 74, 89, 64, -48, 14, 45, -36, -51, -38, -41, 119, 41, 52, 62, 54, 6, -16, 35, -12, -48,
-36, -40, 14, 80, 0, 83, 74, 34, -42, 62, -8, -46, -15, -33, -70, 111, 0, 106, -11, 29, -48, 52, 4, -51, 20, -14, -82, 203, -41, 83, -40, -8, -23, 89, 11,
-27, -16, -12, -53, 245, -58, 48, -19, -36, -52, 52, 26, -27, -19, 12, 51, 208, -26, -46, -74, -40, -17, 56, 17, -48, -30, 33, 94, 270, -88, -153, -80, -44, 17, 29,
7, -24, -89, 14, 173, 179, -132, -148, -67, -34, -17, 52, 54, -40, -128, -15, 196, 34, -135, -186, -57, 25, -33, 45, -6, -74, -112, -23, 169, -3, -125, -137, -3, -16, 14,
30, -55, -54, -70, -22, 169, -83, -100, -68, -1, -28, 58, -11, -87, -11, -71, -23, 214, -130, -137, -50, 73, 0, 38, -24, -87, -15, -50, -5, 208, -199, -182, -90, 124, 48,
34, -16, -89, -16, -63, -51, 243, -211, -243, -127, 109, 13, 29, -15, -102, 15, -31, -60, 236, -198, -215, -113, 136, 6, 16, -26, -133, 60, 3, -35, 223, -175, -213, -115, 154,
-36, 40, -40, -165, 68, -3, -1, 225, -162, -226, -109, 112, -5, 54, -46, -114, 34, -6, -36, 234, -187, -195, -69, 134, -17, 30, -25, -148, 32, 4, -14, 274, -174, -206, -98,
87, 39, 29, -63, -157, 16, 20, -26, 254, -128, -246, -135, 137, -1, 40, -34, -141, -13, -6, -15, 265, -153, -157, -64, 83, -42, 66, -7, -118, -23, 13, -18, 284, -136, -148,
-79, 54, -20, 89, -20, -104, -2, -4, -24, 283, -90, -149, -45, 49, 12, 45, -26, -92, 0, 0, -37, 300, -91, -75, -104, 36, -29, 42, -9, -80, 22, -8, -44, 338, -78,
-73, -44, -3, -58, 36, 3, -36, 22, -39, -54, 358, -45, -127, -67, 15, -29, 36, 26, -77, -31, -15, -55, 363, -82, -115, -67, 33, -34, 46, -33, -91, -14, -15, -3, 377,
-40, -95, -117, -16, 18, 72, -33, -111, -17, 4, -23, 353, 2, -46, -124, -38, 9, 51, 20, -121, -23, -15, -44, 371, -4, -52, -63, -24, -52, 11, 28, -47, -45, -25, -66,
345, -15, -35, -95, -61, 9, 13, -14, -71, -40, 7, -63, 335, -38, -58, -70, -79, -8, 1, -41, -38, -45, 2, 12, 265, -9, -38, -160, -57, -47, -45, -1, -5, -11, 39,
16, 200, -74, -99, -232, -16, -86, -32, 96, 17, 35, -2, 32, 264, 42, -47, -206, -43, -58, -16, 16, -63, 40, 9, -3, 323, 43, -106, -164, 0, -48, -64, 2, -12, 18,
-65, 36, 296, 39, -71, -74, -25, -42, 1, 38, -79, -15, -41, 10, 250, 98, -84, -75, -59, 40, -37, 82, -78, -36, -82, 38, 241, 84, -105, -52, -49, 12, -42, 67, -29,
-13, -130, 36, 197, 48, -145, -61, 4, 93, 12, 65, -22, -17, -90, -18, 141, 85, -83, -31, -52, 54, -28, 30, -78, -18, -49, 65, 164, 77, -129, 4, -16, 38, -63, 52,
-35, -8, -51, 4, 105, 63, -109, 64, -26, 30, -28, 41, 4, 0, -49, -8, 50, 112, -91, -43, -100, 11, -36, 79, -7, 0, -30, 10, 52, 136, -161, 19, -90, 40, -85,
92, -1, 29, -35, 21, 45, 137, -162, 64, -33, 17, -72, 96, 11, 10, -22, -1, 4, 159, -101, 51, -71, 31, -8, 76, -38, -20, -21, -13, 75, 112, -153, 66, -12, 40,
-62, 22, 2, -53, -15, -9, 80, 111, -121, 40, -32, 13, -5, 49, -2, -37, -29, 4, 85, 93, -106, 3, -82, -14, 12, 88, -30, 0, -49, 8, 86, 70, -97, 33, -20,
17, -23, 94, 12, -24, -13, 9, 32, 66, -54, 39, -55, 13, -20, 81, 17, -33, -18, 4, -29, 54, -39, 36, -50, 0, -57, 21, -16, -3, 16, -42, 24, 78, -52, 32,
-64, -22, -51, 101, 46, 1, -9, 8, 21, 125, -52, -7, -82, -36, 1, 80, 17, 37, 29, 32, 16, 42, -42, 43, -53, -31, -41, 112, 64, 54, 29, 55, 9, 48, -58,
33, -30, -35, -37, 71, 49, 83, 74, -8, 37, 19, -103, -16, -22, -27, -80, 48, 92, 68, 37, 12, 39, -99, -91, 88, 98, 23, -132, 59, 55, 37, 12, -2, 61, -146,
-78, 100, 61, -29, -148, 81, 39, 21, 18, 24, 174, -89, -100, 79, 33, -82, -73, 39, 1, -13, -22, 11, 319, -16, -99, 56, -30, -123, -92, 71, 32, -42, -73, -21, 358,
12, -89, -45, -75, -104, -95, 117, 22, -67, -80, 2, 404, -81, -167, -21, -20, -126, -61, 110, 11, -117, -20, 14, 333, -119, -182, -13, -17, -118, -17, 126, -32, -154, 11, 32,
282, -86, -139, -41, -43, -105, 13, 118, -31, -117, -6, -18, 286, -88, -83, -65, -47, -152, 26, 166, -49, -128, 12, -49, 274, -118, -48, 1, -85, -189, 19, 141, -35, -139, 43,
-16, 308, -91, 3, 24, -112, -211, -11, 143, -62, -62, 75, 9, 327, -82, -38, -29, -119, -161, -35, 89, -15, -92, 20, 24, 330, -98, -32, 57, -49, -169, -32, 110, -36, -53,
3, 18, 359, -43, -62, 7, -35, -95, -60, 76, -9, -75, -5, 2, 357, -65, -51, -4, -42, -139, 0, 120, -13, -39, -3, -6, 296, -27, -50, 19, -27, -86, 17, 109, 9,
-74, -9, -39, 289, -31, -16, 31, 0, -56, 47, 105, -69, -116, -30, -45, 290, -63, 0, 50, -3, -101, -34, 105, -12, -76, -8, -9, 237, 3, 32, 48, -43, -143, -47, 109,
-12, -52, 26, 44, 245, 5, -7, -23, -49, -94, -20, 84, 5, -19, 36, 33, 274, 6, 19, -11, 11, -120, -29, 71, -30, -11, 26, 49, 263, 76, 0, -33, 31, -127, -73,
104, -51, -44, 35, 6, 299, 19, 3, -34, -4, -181, -59, 120, -41, -51, -12, -10, 292, 54, -6, -33, 22, -130, -72, 48, -18, 1, -36, -45, 293, -5, -32, -17, 56, -123,
-56, 50, -31, -53, -67, -38, 340, 26, -98, -59, 50, -109, -50, 51, -10, -24, -19, -38, 351, 0, -125, -144, 83, -65, 4, -6, -49, 6, -33, -49, 410, -16, -175, -110, 111,
-66, 12, -17, -63, -1, -20, -38, 428, -46, -201, -87, 126, -22, -29, -30, -50, -9, -15, -26, 405, -9, -202, -84, 116, -25, -31, 0, -61, -30, -3, -16, 433, -57, -180, -34,
99, 20, -31, 6, -34, -82, -19, -16, 422, -48, -170, -41, 72, -43, -21, 36, -65, -64, -4, 20, 365, -41, -116, -40, 93, -50, -15, 51, -89, -86, 38, -14, 374, -108, -88,
6, 64, -85, 3, 43, -104, -97, 37, 16, 321, -90, -39, -5, 10, -60, 39, 68, -128, -75, 26, -10, 284, -164, 5, -40, -8, -9, 23, 4, -141, -6, 50, -74, 165, -182,
23, -83, 18, -35, -60, -11, -67, -106, 12, 25, 0, 0, 0, 0, 0, 0, 0, 0, 0, 0, 0, 0, 0, 0, 0, 0, 0, 0, 0, 0, 0, 0, 0, 0, 0,
0, 0, 0, 0, 0, 0, 0, 0, 0, 0, 0, 0, 0, 0, 0, 0, 0, 0, 0, 0, 0, 0, 0, 0, 0, 0, 0, 0, 0, 0, 0, 0, 0, 0, 0,
0, 0, 0, 0, 0, 0, 0, 0, 0, 0, 0, 0, 0, 0, 0, 0, 0, 0, 0, 0, 0, 0, 0, 0, 0, 0, 0, 0, 0, 0, 0, 0, 0, 0, 0,
0, 0, 0, 0, 0, 0, 0, 0, 0, 0, 0, 0, 0, 0, 0, 0, 0, 0, 0, 0, 0, 0, 0, 0, 0, 0, 0, 0, 0, 0, 0, 0, 0, 0, 0,
0, 0, 0, 0, 0, 0, 0, 0, 0, 0, 0, 0, 0, 0, 0, 0, 0, 0, 0, 0, 0, 0, 0, 0, 0, 0, 0, 0, 0, 0, 0, 0, 0, 0, 0,
0, 0, 0, 0, 0, 0, 0, 0, 0, 0, 0, 0, 0, 0, 0, 0, 0, 0, 0, 0, 0, 0, 0, 0, 0, 0, 0, 0, 0, 0, 0, 0, 0, 0, 0,
0, 0, 0, 0, 0, 0, 0, 0, 0, 0, 0, 0, 0, 0, 0, 0, 0, 0, 0, 0, 0, 0, 0, 0, 0, 0, 0, 0, 0, 0, 0, 0, 0, 0, 0,
0, 0, 0, 0, 0, 0, 0, 0, 0, 0, 0, 0, 0, 0, 0, 0, 0, 0, 0, 0, 0, 0, 0, 0, 0, 0, 0, 0, 0, 0, 0, 0, 0, 0, 0,
0, 0, 0, 0, 0, 0, 0, 0, 0, 0, 0, 0, 0, 0, 0, 0, 0, 0, 0, 0, 0, 0, 0, 0, 0, 0, 0, 0, 0, 0, 0, 0, 0, 0, 0,
0, 0, 0, 0, 0, 0, 0, 0, 0, 0, 0, 0, 0, 0, 0, 0, 0, 0, 0, 0, 0, 0, 0, 0, 0, 0, 0, 0, 0, 0, 0, 0, 0, 0, 0,
0, 0, 0, 0, 0, 0, 0, 0, 0, 0, 0, 0, 0, 0, 0, 0, 0, 0, 0, 0, 0, 0, 0, 0, 0, 0, 0, 0, 0, 0, 0, 0, 0, 0, 0,
0, 0, 0, 0, 0, 0, 0, 0, 0, 0, 0, 0, 0, 0, 0, 0, 0, 0, 0, 0, 0, 0, 0, 0, 0, 0, 0, 0, 0, 0, 0, 0, 0, 0, 0,
0, 0, 0, 0, 0, 0, 0, 0, 0, 0, 0, 0, 0, 0, 0, 0, 0, 0, 0, 0, 0, 0, 0, 0, 0, 0, 0, 0, 0, 0, 0, 0, 0, 0, 0,
0, 0, 0, 0, 0, 0, 0, 0, 0, 0, 0, 0, 0, 0, 0, 0, 0, 0, 0, 0, 0, 0, 0, 0, 0, 0, 0, 0, 0, 0, 0, 0, 0, 0, 0,
0, 0, 0, 0, 0, 0, 0, 0, 0, 0, 0, 0, 0, 0, 0, 0, 0, 0, 0, 0, 0, 0, 0, 0, 0, 0, 0, 0, 0, 0, 0, 0, 0, 0, 0,
0, 0, 0, 0, 0, 0, 0, 0, 0, 0, 0, 0, 0, 0, 0, 0, 0, 0, 0, 0, 0, 0, 0, 0, 0, 0, 0, 0, 0, 0, 0, 0, 0, 0, 0,
0, 0, 0, 0, 0, 0, 0, 0, 0, 0, 0, 0, 0, 0, 0, 0, 0, 0, 0, 0, 0, 0, 0, 0, 0, 0, 0, 0, 0, 0, 0, 0, 0, 0, 0,
0, 0, 0, 0, 0, 0, 0, 0, 0, 0, 0, 0, 0, 0, 0, 0, 0, 0, 0, 0, 0, 0, 0, 0, 0, 0, 0, 0, 0, 0, 0, 0, 0, 0, 0,
0, 0, 0, 0, 0, 0, 0, 0, 0, 0, 0, 0, 0, 0, 0, 0, 0, 0, 0, 0, 0, 0, 0, 0, 0, 0, 0, 0, 0, 0, 0, 0, 0, 0, 0,
0, 0, 0, 0, 0, 0, 0, 0, 0, 0, 0, 0, 0, 0, 0, 0, 0, 0, 0, 0, 0, 0, 0, 0, 0, 0, 0, 0, 0, 0, 0, 0, 0, 0, 0,
0, 0, 0, 0, 0, 0, 0, 0, 0, 0, 0, 0, 0, 0, 0, 0, 0, 0, 0, 0, 0, 0, 0, 0, 0, 0, 0, 0, 0, 0, 0, 0, 0, 0, 0,
0, 0, 0, 0, 0, 0, 0, 0, 0, 0, 0, 0, 0, 0, 0, 0, 0, 0, 0, 0, 0, 0, 0, 0, 0, 0, 0, 0, 0, 0, 0, 0, 0, 0, 0,
0, 0, 0, 0, 0, 0, 0, 0, 0, 0, 0, 0, 0, 0, 0, 0, 0, 0, 0, 0, 0, 0, 0, 0, 0, 0, 0, 0, 0, 0, 0, 0, 0, 0, 0,
0, 0, 0, 0, 0, 0, 0, 0, 0, 0, 0, 0, 0, 0, 0, 0, 0, 0, 0, 0, 0, 0, 0, 0, 0, 0, 0, 0, 0, 0, 0, 0, 0, 0, 0,
0, 0, 0, 0, 0, 0, 0, 0, 0, 0, 0, 0, 0, 0, 0, 0, 0, 0, 0, 0, 0, 0, 0, 0, 0, 0, 0, 0, 0, 0, 0, 0, 0, 0, 0,
0, 0, 0, 0, 0, 0, 0, 0, 0, 0, 0, 0, 0, 0, 0, 0, 0, 0, 0, 0, 0, 0, 0, 0, 0, 0, 0, 0, 0, 0, 0, 0, 0, 0, 0,
0, 0, 0, 0, 0, 0, 0, 0, 0, 0, 0, 0, 0, 0, 0, 0, 0, 0, 0, 0, 0, 0, 0, 0, 0, 0, 0, 0, 0, 0, 0, 0, 0, 0, 0,
0, 0, 0, 0, 0, 0, 0, 0, 0, 0, 0, 0, 0, 0, 0, 0, 0, 0, 0, 0, 0, 0, 0, 0, 0, 0, 0, 0, 0, 0, 0, 0, 0, 0, 0,
0, 0, 0, 0, 0, 0, 0, 0, 0, 0, 0, 0, 0, 0, 0, 0, 0, 0, 0, 0, 0, 0, 0, 0, 0, 0, 0, 0, 0, 0, 0, 0, 0, 0, 0,
0, 0, 0, 0, 0, 0, 0, 0, 0, 0, 0, 0, 0, 0, 0, 0, 0, 0, 0, 0, 0, 0, 0, 0, 0, 0, 0, 0, 0, 0, 0, 0, 0, 0, 0,
0, 0, 0, 0, 0, 0, 0, 0, 0, 0, 0, 0, 0, 0, 0, 0, 0, 0, 0, 0, 0, 0, 0, 0, 0, 0, 0, 0, 0, 0, 0, 0, 0, 0, 0,
0, 0, 0, 0, 0, 0, 0, 0, 0, 0, 0, 0, 0, 0, 0, 0, 0, 0, 0, 0, 0, 0, 0, 0, 0, 0, 0, 0, 0, 0, 0, 0, 0, 0, 0,
0, 0, 0, 0, 0, 0, 0, 0, 0, 0, 0, 0, 0, 0, 0, 0, 0, 0, 0, 0, 0, 0, 0, 0, 0, 0, 0, 0, 0, 0, 0, 0, 0, 0, 0,
0, 0, 0, 0, 0, 0, 0, 0, 0, 0, 0, 0, 0, 0, 0, 0, 0, 0, 0, 0, 0, 0, 0, 0, 0, 0, 0, 0, 0, 0, 0, 0, 0, 0, 0,
0, 0, 0, 0, 0, 0, 0, 0, 0, 0, 0, 0, 0, 0, 0, 0, 0, 0, 0, 0, 0, 0, 0, 0, 0, 0, 0, 0, 0, 0, 0, 0, 0, 0, 0,
0, 0, 0, 0, 0, 0, 0, 0, 0, 0, 0, 0, 0, 0, 0, 0, 0, 0, 0, 0, 0, 0, 0, 0, 0, 0, 0, 0, 0, 0, 0, 0, 0, 0, 0,
0, 0, 0, 0, 0, 0, 0, 0, 0, 0, 0, 0, 0, 0, 0, 0, 0, 0, 0, 0, 0, 0, 0, 0, 0, 0, 0, 0, 0, 0, 0, 0, 0, 0, 0,
0, 0, 0, 0, 0, 0, 0, 0, 0, 0, 0, 0, 0, 0, 0, 0, 0, 0, 0, 0, 0, 0, 0, 0, 0, 0, 0, 0, 0, 0, 0, 0, 0, 0, 0,
0, 0, 0, 0, 0, 0, 0, 0, 0, 0, 0, 0, 0, 0, 0, 0, 0, 0, 0, 0, 0, 0, 0, 0, 0, 0, 0, 0, 0, 0, 0, 0, 0, 0, 0,
0, 0, 0, 0, 0, 0, 0, 0, 0, 0, 0, 0, 0, 0, 0, 0, 0, 0, 0, 0, 0, 0, 0, 0, 0, 0, 0, 0, 0, 0, 0, 0, 0, 0, 0,
0, 0, 0, 0, 0, 0, 0, 0, 0, 0, 0, 0, 0, 0, 0, 0, 0, 0, 0, 0, 0, 0, 0, 0, 0, 0, 0, 0, 0, 0, 0, 0, 0, 0, 0,
0, 0, 0, 
print model ok!

start rec...
get noise again...
speeking...
frm_num=94
-78, 34, 23, 34, 28, 34, 31, 34, 33, 35, 32, 32, 64, 56, 40, 78, 53, -37, -43, -14, -36, -68, -20, 14, 56, 85, 84, 61, 38, -29, -73, -12, -25, -29, -8,
-4, 109, 85, 44, 31, 82, -24, -24, 51, -28, -54, -27, -7, 107, 83, 68, 83, 75, -24, -3, 29, -29, -66, -24, -27, 121, 78, 74, 63, 46, 12, 15, 18, -42, -64,
-43, -25, 94, 63, 78, 109, 94, -13, -45, 13, -19, -51, -63, -54, -85, 20, 97, 133, 32, 21, -46, 22, -16, -81, 7, -49, -192, 128, -33, 95, -45, 39, -75, 81, 57,
-24, 28, 3, -187, 203, -151, 108, 32, -11, -17, 56, 21, -8, -36, 24, -10, 233, -107, -1, -68, -62, -37, 96, 52, -34, -67, -17, 103, 178, -103, -100, -129, -12, 46, 69,
57, -78, -103, 34, 176, 94, -153, -202, -63, 11, 47, 95, -34, -103, -73, 17, 213, 8, -202, -152, 21, 2, 84, 32, -83, -26, -32, -28, 140, -81, -268, -49, -4, 53, 37,
-4, -110, -8, -13, -33, 152, -161, -283, -70, 49, 88, 55, -9, -107, 0, 24, -55, 93, -182, -220, -35, 40, 33, 35, 81, -122, -21, -7, -44, 156, -163, -178, 35, 53, 30,
18, 111, -114, -56, -37, -10, 181, -206, -205, 64, 134, 7, 32, 43, -122, -31, -39, -28, 255, -188, -246, 30, 98, 39, 3, 89, -110, -45, -38, -52, 242, -165, -200, 58, 105,
-11, 64, 30, -80, -31, -87, -10, 212, -136, -173, 22, 90, 5, 45, 51, -124, -78, -20, -46, 253, -141, -153, -27, 77, 1, 23, 34, -119, -57, -7, -7, 279, -142, -173, -2,
120, -16, -6, -2, -77, -26, 27, -77, 268, -96, -110, -47, 50, 55, 20, -50, -90, 11, 31, -111, 233, -76, -125, 4, 79, 58, 69, -16, -133, -47, -26, -48, 297, -88, -187,
-14, 98, 86, 38, -31, -141, -67, -2, 0, 336, -111, -227, -21, 86, 69, 21, -39, -47, -44, -53, 8, 369, -55, -219, -39, 118, 25, -22, -25, -5, -38, 20, -63, 330, -63,
-93, -49, 37, -1, 40, -21, -115, -57, 59, -27, 311, -24, -67, -29, 86, -14, -6, -50, -91, -20, 10, -5, 370, -29, -167, -24, 88, -51, -3, 37, -44, -42, 0, -53, 393,
-42, -119, -30, -2, -33, 0, 4, -47, -22, 12, -93, 364, 28, -94, -78, -24, -32, 50, 40, -75, -59, 0, -66, 387, 8, -138, -116, -2, 2, 0, 64, -82, -44, -5, -103,
378, 6, -139, -154, -5, -9, 35, 106, -76, -95, -5, -11, 314, -5, -124, -153, -24, 14, 39, 12, -18, -24, -36, -24, 277, -71, -122, -196, -40, -12, 59, 71, 62, -31, -46,
-15, 181, -82, -144, -193, -95, 23, 72, 115, 36, -43, -10, 11, 188, -69, -153, -202, -92, -36, 42, 87, 12, -12, -39, 10, 175, -39, -137, -91, -17, 1, 0, 91, 8, 24,
-18, -17, 165, -34, -146, -105, -37, 26, 38, 70, -49, -41, -47, -64, 184, 17, -175, -87, -42, 24, 61, 93, -61, -45, -56, 9, 135, 23, -223, 16, 40, 62, -14, 71, -48,
-18, -6, 25, 104, -31, -210, -66, 8, 76, 42, 89, -18, 17, -8, -74, 112, 19, -223, -38, -31, 65, 5, 68, 15, 15, -33, -30, -3, 33, -182, -21, -38, 52, -35, 106,
12, -11, -2, -21, 5, 111, -103, -18, -32, 66, 16, 63, -39, 9, -7, 9, -13, 103, -153, 33, -42, 82, 17, 90, -27, -30, -10, -76, 25, 66, -213, -23, -42, 106, 58,
81, -36, -87, -68, -50, 73, 37, -163, -13, -9, 102, 32, 77, -7, -31, -25, -38, 66, -26, -151, -3, 16, 72, 35, 78, 19, -21, -55, -49, 57, -7, -118, 5, 6, 42,
33, 98, 12, -17, -12, 6, 10, 17, -146, 27, 13, 69, 21, 98, 9, -20, -40, -36, 69, 9, -49, 108, -54, 24, 13, 78, -31, -84, -14, -5, 108, 30, -37, 46, 14,
4, 36, 102, -8, -47, -41, -35, 118, -63, -45, 47, 12, -28, -6, 103, 16, -35, -54, -28, 99, -195, -69, 175, 94, -73, -38, 127, 54, -64, -66, -22, 189, -75, -98, 83,
11, -98, 19, 101, 14, -46, -39, -21, 297, -57, -99, 57, -34, -150, -49, 145, 50, -50, -56, -20, 367, -37, -147, -7, -52, -144, -26, 139, -9, -97, -54, 5, 428, -16, -236,
-30, 24, -101, -86, 129, 31, -85, -72, -13, 366, -53, -179, -70, -39, -124, -54, 83, 16, -86, -110, -24, 385, -72, -178, -6, -22, -101, -62, 139, 58, -114, -77, -18, 318, -29,
-127, -82, -32, -110, -23, 122, 4, -78, -36, -66, 308, -87, -150, -54, -77, -145, -1, 148, -3, -81, -24, -53, 215, -149, -123, -71, -110, -145, -2, 184, -13, -135, -6, 12, 221,
-87, -53, -18, -40, -75, 0, 101, -16, -59, 20, 24, 304, -37, -62, -24, -31, -105, 0, 185, 2, -93, -37, -38, 327, -16, -16, -21, 8, -53, 15, 63, -38, -52, -52, -24,
284, -15, -43, 7, 68, -25, -21, 81, -4, -63, -67, -28, 308, -7, -97, 40, 13, -33, 18, 104, 32, -82, -70, -37, 310, -18, -64, -24, -10, -88, -8, 137, -1, -68, -50,
-13, 261, -50, -82, -7, 2, -18, -50, 149, -4, -50, -100, -72, 215, -12, -13, 28, -19, -95, -37, 97, -8, -54, 12, 22, 197, 3, 6, -12, -3, -96, -46, 104, 9, -38,
-3, 22, 248, 10, 20, 29, 61, -22, -26, 100, -22, -105, -55, -62, 314, 16, 45, 27, 17, -99, -23, 136, -54, -70, -81, -45, 318, 58, 42, -25, 36, -137, -17, 73, -73,
-28, -16, -31, 368, 34, -32, -35, 23, -109, -36, 92, 4, -72, -48, -2, 340, -18, -66, -33, 47, -78, -5, 58, -7, -63, -35, -29, 354, 8, -143, -42, 81, -56, -26, 33,
2, -62, -71, 9, 311, -37, -105, -1, 126, -38, -44, 35, -57, -113, -22, 19, 324, -36, -87, -55, 127, -23, -28, 29, -73, -136, -13, 7, 338, -71, -179, 2, 145, -7, -26,
46, -52, -150, -38, 8, 329, -98, -169, -5, 202, -7, -28, 54, -56, -141, -30, 47, 209, -77, -160, -31, 199, 3, 26, 24, -82, -124, -10, 5, 180, -118, -128, -22, 130, -63,
44, 36, -39, -73, -42, 16, 133, -183, -127, -53, 147, -7, 30, 30, -68, -94, 4, 9, 129, -155, -48, -36, 50, -41, 20, -60, 22, -114, -4, -25, 218, -96, 4, -30, 67,
56, -19, -73, -9, -45, 17, 17, 279, -38, -31, -46, 70, 104, -3, -71, -58, -82, 21, 18, 244, 4, 2, -27, 111, 47, 15, -24, -84, -52, 3, -8, 272, -37, -41, -7,
97, -6, 6, 12, -56, -52, -36, -25, 0, 0, 0, 0, 0, 0, 0, 0, 0, 0, 0, 0, 0, 0, 0, 0, 0, 0, 0, 0, 0, 0, 0, 0, 0, 0, 0,
0, 0, 0, 0, 0, 0, 0, 0, 0, 0, 0, 0, 0, 0, 0, 0, 0, 0, 0, 0, 0, 0, 0, 0, 0, 0, 0, 0, 0, 0, 0, 0, 0, 0, 0,
0, 0, 0, 0, 0, 0, 0, 0, 0, 0, 0, 0, 0, 0, 0, 0, 0, 0, 0, 0, 0, 0, 0, 0, 0, 0, 0, 0, 0, 0, 0, 0, 0, 0, 0,
0, 0, 0, 0, 0, 0, 0, 0, 0, 0, 0, 0, 0, 0, 0, 0, 0, 0, 0, 0, 0, 0, 0, 0, 0, 0, 0, 0, 0, 0, 0, 0, 0, 0, 0,
0, 0, 0, 0, 0, 0, 0, 0, 0, 0, 0, 0, 0, 0, 0, 0, 0, 0, 0, 0, 0, 0, 0, 0, 0, 0, 0, 0, 0, 0, 0, 0, 0, 0, 0,
0, 0, 0, 0, 0, 0, 0, 0, 0, 0, 0, 0, 0, 0, 0, 0, 0, 0, 0, 0, 0, 0, 0, 0, 0, 0, 0, 0, 0, 0, 0, 0, 0, 0, 0,
0, 0, 0, 0, 0, 0, 0, 0, 0, 0, 0, 0, 0, 0, 0, 0, 0, 0, 0, 0, 0, 0, 0, 0, 0, 0, 0, 0, 0, 0, 0, 0, 0, 0, 0,
0, 0, 0, 0, 0, 0, 0, 0, 0, 0, 0, 0, 0, 0, 0, 0, 0, 0, 0, 0, 0, 0, 0, 0, 0, 0, 0, 0, 0, 0, 0, 0, 0, 0, 0,
0, 0, 0, 0, 0, 0, 0, 0, 0, 0, 0, 0, 0, 0, 0, 0, 0, 0, 0, 0, 0, 0, 0, 0, 0, 0, 0, 0, 0, 0, 0, 0, 0, 0, 0,
0, 0, 0, 0, 0, 0, 0, 0, 0, 0, 0, 0, 0, 0, 0, 0, 0, 0, 0, 0, 0, 0, 0, 0, 0, 0, 0, 0, 0, 0, 0, 0, 0, 0, 0,
0, 0, 0, 0, 0, 0, 0, 0, 0, 0, 0, 0, 0, 0, 0, 0, 0, 0, 0, 0, 0, 0, 0, 0, 0, 0, 0, 0, 0, 0, 0, 0, 0, 0, 0,
0, 0, 0, 0, 0, 0, 0, 0, 0, 0, 0, 0, 0, 0, 0, 0, 0, 0, 0, 0, 0, 0, 0, 0, 0, 0, 0, 0, 0, 0, 0, 0, 0, 0, 0,
0, 0, 0, 0, 0, 0, 0, 0, 0, 0, 0, 0, 0, 0, 0, 0, 0, 0, 0, 0, 0, 0, 0, 0, 0, 0, 0, 0, 0, 0, 0, 0, 0, 0, 0,
0, 0, 0, 0, 0, 0, 0, 0, 0, 0, 0, 0, 0, 0, 0, 0, 0, 0, 0, 0, 0, 0, 0, 0, 0, 0, 0, 0, 0, 0, 0, 0, 0, 0, 0,
0, 0, 0, 0, 0, 0, 0, 0, 0, 0, 0, 0, 0, 0, 0, 0, 0, 0, 0, 0, 0, 0, 0, 0, 0, 0, 0, 0, 0, 0, 0, 0, 0, 0, 0,
0, 0, 0, 0, 0, 0, 0, 0, 0, 0, 0, 0, 0, 0, 0, 0, 0, 0, 0, 0, 0, 0, 0, 0, 0, 0, 0, 0, 0, 0, 0, 0, 0, 0, 0,
0, 0, 0, 0, 0, 0, 0, 0, 0, 0, 0, 0, 0, 0, 0, 0, 0, 0, 0, 0, 0, 0, 0, 0, 0, 0, 0, 0, 0, 0, 0, 0, 0, 0, 0,
0, 0, 0, 0, 0, 0, 0, 0, 0, 0, 0, 0, 0, 0, 0, 0, 0, 0, 0, 0, 0, 0, 0, 0, 0, 0, 0, 0, 0, 0, 0, 0, 0, 0, 0,
0, 0, 0, 0, 0, 0, 0, 0, 0, 0, 0, 0, 0, 0, 0, 0, 0, 0, 0, 0, 0, 0, 0, 0, 0, 0, 0, 0, 0, 0, 0, 0, 0, 0, 0,
0, 0, 0, 0, 0, 0, 0, 0, 0, 0, 0, 0, 0, 0, 0, 0, 0, 0, 0, 0, 0, 0, 0, 0, 0, 0, 0, 0, 0, 0, 0, 0, 0, 0, 0,
0, 0, 0, 0, 0, 0, 0, 0, 0, 0, 0, 0, 0, 0, 0, 0, 0, 0, 0, 0, 0, 0, 0, 0, 0, 0, 0, 0, 0, 0, 0, 0, 0, 0, 0,
0, 0, 0, 0, 0, 0, 0, 0, 0, 0, 0, 0, 0, 0, 0, 0, 0, 0, 0, 0, 0, 0, 0, 0, 0, 0, 0, 0, 0, 0, 0, 0, 0, 0, 0,
0, 0, 0, 0, 0, 0, 0, 0, 0, 0, 0, 0, 0, 0, 0, 0, 0, 0, 0, 0, 0, 0, 0, 0, 0, 0, 0, 0, 0, 0, 0, 0, 0, 0, 0,
0, 0, 0, 0, 0, 0, 0, 0, 0, 0, 0, 0, 0, 0, 0, 0, 0, 0, 0, 0, 0, 0, 0, 0, 0, 0, 0, 0, 0, 0, 0, 0, 0, 0, 0,
0, 0, 0, 0, 0, 0, 0, 0, 0, 0, 0, 0, 0, 0, 0, 0, 0, 0, 0, 0, 0, 0, 0, 0, 0, 0, 0, 0, 0, 0, 0, 0, 0, 0, 0,
0, 0, 0, 0, 0, 0, 0, 0, 0, 0, 0, 0, 0, 0, 0, 0, 0, 0, 0, 0, 0, 0, 0, 0, 0, 0, 0, 0, 0, 0, 0, 0, 0, 0, 0,
0, 0, 0, 0, 0, 0, 0, 0, 0, 0, 0, 0, 0, 0, 0, 0, 0, 0, 0, 0, 0, 0, 0, 0, 0, 0, 0, 0, 0, 0, 0, 0, 0, 0, 0,
0, 0, 0, 0, 0, 0, 0, 0, 0, 0, 0, 0, 0, 0, 0, 0, 0, 0, 0, 0, 0, 0, 0, 0, 0, 0, 0, 0, 0, 0, 0, 0, 0, 0, 0,
0, 0, 0, 0, 0, 0, 0, 0, 0, 0, 0, 0, 0, 0, 0, 0, 0, 0, 0, 0, 0, 0, 0, 0, 0, 0, 0, 0, 0, 0, 0, 0, 0, 0, 0,
0, 0, 0, 0, 0, 0, 0, 0, 0, 0, 0, 0, 0, 0, 0, 0, 0, 0, 0, 0, 0, 0, 0, 0, 0, 0, 0, 0, 0, 0, 0, 0, 0, 0, 0,
0, 0, 0, 0, 0, 0, 0, 0, 0, 0, 0, 0, 0, 0, 0, 0, 0, 0, 0, 0, 0, 0, 0, 0, 0, 0, 0, 0, 0, 0, 0, 0, 0, 0, 0,
0, 0, 0, 0, 0, 0, 0, 0, 0, 0, 0, 0, 0, 0, 0, 0, 0, 0, 0, 0, 0, 0, 0, 0, 0, 0, 0, 0, 0, 0, 0, 0, 0, 0, 0,
0, 0, 0, 0, 0, 0, 0, 0, 0, 0, 0, 0, 0, 0, 0, 0, 0, 0, 0, 0, 0, 0, 0, 0, 0, 0, 0, 0, 0, 0, 0, 0, 0, 0, 0,
0, 0, 0, 0, 0, 0, 0, 0, 0, 0, 0, 0, 0, 0, 0, 0, 0, 0, 0, 0, 0, 0, 0, 0, 0, 0, 0, 0, 0, 0, 0, 0, 0, 0, 0,
0, 0, 0, 0, 0, 0, 0, 0, 0, 0, 0, 0, 0, 0, 0, 0, 0, 0, 0, 0, 0, 0, 0, 0, 0, 0, 0, 0, 0, 0, 0, 0, 0, 0, 0,
0, 0, 0, 0, 0, 0, 0, 0, 0, 0, 0, 0, 0, 0, 0, 0, 0, 0, 0, 0, 0, 0, 0, 0, 0, 0, 0, 0, 0, 0, 0, 0, 0, 0, 0,
0, 0, 0, 0, 0, 0, 0, 0, 0, 0, 0, 0, 0, 0, 0, 0, 0, 0, 0, 0, 0, 0, 0, 0, 0, 0, 0, 0, 0, 0, 0, 0, 0, 0, 0,
0, 0, 0, 0, 0, 0, 0, 0, 0, 0, 0, 0, 0, 0, 0, 0, 0, 0, 0, 0, 0, 0, 0, 0, 0, 0, 0, 0, 0, 0, 0, 0, 0, 0, 0,
0, 0, 0, 0, 0, 0, 0, 0, 0, 0, 0, 0, 0, 0, 0, 0, 0, 0, 0, 0, 0, 0, 0, 0, 0, 0, 0, 0, 0, 0, 0, 0, 0, 0, 0,
0, 0, 0, 0, 0, 0, 0, 0, 0, 0, 0, 0, 0, 0, 0, 0, 0, 0, 0, 0, 0, 0, 0, 0, 0, 0, 0, 0, 0, 0, 0, 0, 0, 0, 0,
0, 0, 0, 0, 0, 0, 0, 0, 0, 0, 0, 0, 0, 0, 0, 0, 0, 0, 0, 0, 0, 0, 0, 0, 0, 0, 0, 0, 0, 0, 0, 0, 0, 0, 0,
0, 0, 0, 0, 0, 0, 0, 0, 0, 0, 0, 0, 0, 0, 0, 0, 0, 0, 0, 0, 0, 0, 0, 0, 0, 0, 0, 0, 0, 0, 0, 0, 0, 0, 0,
0, 0, 0, 0, 0, 0, 0, 0, 0, 0, 0, 0, 0, 0, 0, 0, 0, 0, 0, 0, 0, 0, 0, 0, 0, 0, 0, 0, 0, 0, 0, 0, 0, 0, 0,
0, 0, 0, 
print model ok!

start rec...
get noise again...
speeking...
frm_num=67
-73, 34, 22, 34, 27, 34, 30, 34, 33, 34, 31, 31, -5, 220, -54, -56, -39, -31, -59, 66, 96, -42, -92, 18, 147, 167, -96, -190, -84, 32, -2, 44, 20, -59, -89,
-22, 180, 92, -166, -166, -44, 50, 31, 28, -5, -73, -79, -19, 186, 3, -141, -122, 36, 32, 1, 23, -33, -31, -50, -38, 186, -58, -191, -53, 0, 49, 18, 9, -73, -46,
-6, -67, 206, -138, -235, -25, 34, 5, 20, 8, -84, -36, 10, -21, 193, -182, -232, -53, -4, 26, 71, 20, -98, -23, 23, -6, 200, -132, -270, -26, 0, 35, 30, 38, -89,
32, 47, -9, 167, -168, -271, -12, 27, -29, 3, -8, -33, 48, 18, -6, 238, -177, -262, -61, 44, -23, 44, 33, -35, 43, 3, -8, 208, -135, -217, -14, -23, -46, 42, 78,
-84, 48, 29, -54, 216, -140, -222, -62, -5, -36, 68, 34, -111, 7, 20, -6, 256, -113, -239, -59, 9, 19, 43, 10, -128, 8, 28, 37, 267, -128, -205, -76, 14, 54, 32,
3, -90, -7, 37, -5, 256, -85, -255, -121, 2, 33, 42, -12, -88, -20, -2, -29, 288, -106, -219, -92, 48, -31, 61, 13, -70, -6, 26, -39, 238, -139, -168, -8, -1, 45,
66, -14, -81, 8, 30, -36, 252, -188, -159, -8, 51, 2, 81, 7, -83, 10, 45, -37, 228, -106, -111, -8, 40, 4, 56, -15, -93, 4, 12, -26, 312, -95, -121, 10, -8,
-9, 82, 29, -147, -63, 51, 27, 350, -94, -159, -43, 15, -13, 65, 4, -104, 0, 5, -29, 367, -80, -176, -58, 8, -19, 19, 20, -43, -21, -19, -43, 373, -63, -153, -89,
-37, 28, 28, 8, -52, -36, 37, -48, 375, -14, -138, -162, -57, 49, 43, -16, -65, -41, 7, -39, 315, -70, -141, -87, -36, -9, 34, 42, -59, -48, 1, 0, 239, -67, -153,
-157, -55, -2, 29, 28, -11, 2, 13, -5, 274, -73, -164, -146, -25, -29, 12, 51, -19, -38, 23, 22, 314, -41, -101, -91, 3, -52, 10, -8, -50, 10, -35, 31, 306, -5,
-66, -26, -42, -93, -5, 26, -26, -9, -64, 7, 306, -28, -58, -24, 17, -17, -23, 23, -21, -37, -52, -33, 283, 28, -104, -69, -43, 17, 8, 66, -27, 17, -93, -41, 232,
46, -78, -48, -48, -9, -3, 77, -40, -5, -72, 1, 189, 41, -46, 19, 3, 15, 10, 58, -95, 9, -70, -11, 229, 75, -109, -21, 31, 40, 32, 44, -58, -12, -60, -46,
162, 26, -44, 41, 45, 76, 48, -8, -140, -43, -22, -44, 100, 117, -136, 70, 19, 42, 17, 11, -81, -3, -21, -64, 5, 108, -165, 95, -65, 57, -23, 45, -27, -5, 1,
2, 8, 37, -262, 4, -38, 47, 22, 75, 43, 33, 33, 4, 40, 43, -199, 46, -28, 54, -19, 41, 28, -2, 18, -16, 101, 86, -96, 70, 37, 63, -43, 5, -35, -13,
-42, -18, 144, 126, -74, 45, 0, 19, 28, 65, -75, -29, -52, -65, 116, 131, 1, 75, -4, 54, -1, 68, -88, -73, -51, -22, 105, 137, 27, 50, -85, -10, 3, 51, -57,
-42, -14, -9, 102, 44, -60, 54, -4, 37, -18, 79, -29, -52, -6, 7, 91, -114, -57, 151, 7, -127, -20, 162, 33, -30, -17, 32, 146, -99, -134, 144, -17, -88, -41, 151,
8, -55, -31, -25, 273, 18, -86, 75, -95, -102, -59, 152, 37, -44, -16, 18, 325, -30, -145, 57, -84, -108, -59, 145, 38, -92, -35, -1, 378, -34, -185, 24, -84, -95, -57,
128, 18, -94, -81, 8, 315, -66, -186, 48, -46, -138, -77, 156, 35, -102, -74, -15, 329, -82, -135, 14, -54, -165, -41, 169, 42, -77, -56, -31, 324, -118, -100, -28, -87, -154,
-31, 161, -30, -83, 20, -50, 294, -54, -52, 12, -89, -167, -15, 154, -50, -99, 30, -11, 263, -87, -7, 60, -69, -152, 0, 140, -58, -93, 27, 0, 276, -54, -62, 18, -26,
-80, 8, 194, -26, -97, -1, -49, 279, 23, -92, -46, 9, -6, 0, 136, -17, -84, -27, -45, 340, 12, -62, -14, -12, -18, 49, 86, -60, -81, -11, 0, 333, -3, -38, 47,
-22, -101, 16, 135, -4, -111, -48, 2, 306, -10, -17, 27, 13, -92, -5, 109, -62, -88, -10, -2, 249, -12, -7, 51, 10, -105, 17, 125, -67, -50, -5, 9, 210, -38, -4,
66, 5, -106, -28, 107, -18, -13, 0, -9, 206, 26, 10, -4, 9, -107, -6, 106, -16, -68, -35, -3, 247, -13, 11, 64, 9, -119, 0, 135, -39, -88, -14, 26, 227, 7,
5, 3, -16, -172, -85, 104, -36, -26, -8, -29, 257, 51, -23, -11, -1, -125, -30, 49, -51, 7, 0, 10, 219, 54, 9, -85, 8, -54, 5, 48, -41, -13, 1, -31, 0,
0, 0, 0, 0, 0, 0, 0, 0, 0, 0, 0, 0, 0, 0, 0, 0, 0, 0, 0, 0, 0, 0, 0, 0, 0, 0, 0, 0, 0, 0, 0, 0, 0, 0, 0,
0, 0, 0, 0, 0, 0, 0, 0, 0, 0, 0, 0, 0, 0, 0, 0, 0, 0, 0, 0, 0, 0, 0, 0, 0, 0, 0, 0, 0, 0, 0, 0, 0, 0, 0,
0, 0, 0, 0, 0, 0, 0, 0, 0, 0, 0, 0, 0, 0, 0, 0, 0, 0, 0, 0, 0, 0, 0, 0, 0, 0, 0, 0, 0, 0, 0, 0, 0, 0, 0,
0, 0, 0, 0, 0, 0, 0, 0, 0, 0, 0, 0, 0, 0, 0, 0, 0, 0, 0, 0, 0, 0, 0, 0, 0, 0, 0, 0, 0, 0, 0, 0, 0, 0, 0,
0, 0, 0, 0, 0, 0, 0, 0, 0, 0, 0, 0, 0, 0, 0, 0, 0, 0, 0, 0, 0, 0, 0, 0, 0, 0, 0, 0, 0, 0, 0, 0, 0, 0, 0,
0, 0, 0, 0, 0, 0, 0, 0, 0, 0, 0, 0, 0, 0, 0, 0, 0, 0, 0, 0, 0, 0, 0, 0, 0, 0, 0, 0, 0, 0, 0, 0, 0, 0, 0,
0, 0, 0, 0, 0, 0, 0, 0, 0, 0, 0, 0, 0, 0, 0, 0, 0, 0, 0, 0, 0, 0, 0, 0, 0, 0, 0, 0, 0, 0, 0, 0, 0, 0, 0,
0, 0, 0, 0, 0, 0, 0, 0, 0, 0, 0, 0, 0, 0, 0, 0, 0, 0, 0, 0, 0, 0, 0, 0, 0, 0, 0, 0, 0, 0, 0, 0, 0, 0, 0,
0, 0, 0, 0, 0, 0, 0, 0, 0, 0, 0, 0, 0, 0, 0, 0, 0, 0, 0, 0, 0, 0, 0, 0, 0, 0, 0, 0, 0, 0, 0, 0, 0, 0, 0,
0, 0, 0, 0, 0, 0, 0, 0, 0, 0, 0, 0, 0, 0, 0, 0, 0, 0, 0, 0, 0, 0, 0, 0, 0, 0, 0, 0, 0, 0, 0, 0, 0, 0, 0,
0, 0, 0, 0, 0, 0, 0, 0, 0, 0, 0, 0, 0, 0, 0, 0, 0, 0, 0, 0, 0, 0, 0, 0, 0, 0, 0, 0, 0, 0, 0, 0, 0, 0, 0,
0, 0, 0, 0, 0, 0, 0, 0, 0, 0, 0, 0, 0, 0, 0, 0, 0, 0, 0, 0, 0, 0, 0, 0, 0, 0, 0, 0, 0, 0, 0, 0, 0, 0, 0,
0, 0, 0, 0, 0, 0, 0, 0, 0, 0, 0, 0, 0, 0, 0, 0, 0, 0, 0, 0, 0, 0, 0, 0, 0, 0, 0, 0, 0, 0, 0, 0, 0, 0, 0,
0, 0, 0, 0, 0, 0, 0, 0, 0, 0, 0, 0, 0, 0, 0, 0, 0, 0, 0, 0, 0, 0, 0, 0, 0, 0, 0, 0, 0, 0, 0, 0, 0, 0, 0,
0, 0, 0, 0, 0, 0, 0, 0, 0, 0, 0, 0, 0, 0, 0, 0, 0, 0, 0, 0, 0, 0, 0, 0, 0, 0, 0, 0, 0, 0, 0, 0, 0, 0, 0,
0, 0, 0, 0, 0, 0, 0, 0, 0, 0, 0, 0, 0, 0, 0, 0, 0, 0, 0, 0, 0, 0, 0, 0, 0, 0, 0, 0, 0, 0, 0, 0, 0, 0, 0,
0, 0, 0, 0, 0, 0, 0, 0, 0, 0, 0, 0, 0, 0, 0, 0, 0, 0, 0, 0, 0, 0, 0, 0, 0, 0, 0, 0, 0, 0, 0, 0, 0, 0, 0,
0, 0, 0, 0, 0, 0, 0, 0, 0, 0, 0, 0, 0, 0, 0, 0, 0, 0, 0, 0, 0, 0, 0, 0, 0, 0, 0, 0, 0, 0, 0, 0, 0, 0, 0,
0, 0, 0, 0, 0, 0, 0, 0, 0, 0, 0, 0, 0, 0, 0, 0, 0, 0, 0, 0, 0, 0, 0, 0, 0, 0, 0, 0, 0, 0, 0, 0, 0, 0, 0,
0, 0, 0, 0, 0, 0, 0, 0, 0, 0, 0, 0, 0, 0, 0, 0, 0, 0, 0, 0, 0, 0, 0, 0, 0, 0, 0, 0, 0, 0, 0, 0, 0, 0, 0,
0, 0, 0, 0, 0, 0, 0, 0, 0, 0, 0, 0, 0, 0, 0, 0, 0, 0, 0, 0, 0, 0, 0, 0, 0, 0, 0, 0, 0, 0, 0, 0, 0, 0, 0,
0, 0, 0, 0, 0, 0, 0, 0, 0, 0, 0, 0, 0, 0, 0, 0, 0, 0, 0, 0, 0, 0, 0, 0, 0, 0, 0, 0, 0, 0, 0, 0, 0, 0, 0,
0, 0, 0, 0, 0, 0, 0, 0, 0, 0, 0, 0, 0, 0, 0, 0, 0, 0, 0, 0, 0, 0, 0, 0, 0, 0, 0, 0, 0, 0, 0, 0, 0, 0, 0,
0, 0, 0, 0, 0, 0, 0, 0, 0, 0, 0, 0, 0, 0, 0, 0, 0, 0, 0, 0, 0, 0, 0, 0, 0, 0, 0, 0, 0, 0, 0, 0, 0, 0, 0,
0, 0, 0, 0, 0, 0, 0, 0, 0, 0, 0, 0, 0, 0, 0, 0, 0, 0, 0, 0, 0, 0, 0, 0, 0, 0, 0, 0, 0, 0, 0, 0, 0, 0, 0,
0, 0, 0, 0, 0, 0, 0, 0, 0, 0, 0, 0, 0, 0, 0, 0, 0, 0, 0, 0, 0, 0, 0, 0, 0, 0, 0, 0, 0, 0, 0, 0, 0, 0, 0,
0, 0, 0, 0, 0, 0, 0, 0, 0, 0, 0, 0, 0, 0, 0, 0, 0, 0, 0, 0, 0, 0, 0, 0, 0, 0, 0, 0, 0, 0, 0, 0, 0, 0, 0,
0, 0, 0, 0, 0, 0, 0, 0, 0, 0, 0, 0, 0, 0, 0, 0, 0, 0, 0, 0, 0, 0, 0, 0, 0, 0, 0, 0, 0, 0, 0, 0, 0, 0, 0,
0, 0, 0, 0, 0, 0, 0, 0, 0, 0, 0, 0, 0, 0, 0, 0, 0, 0, 0, 0, 0, 0, 0, 0, 0, 0, 0, 0, 0, 0, 0, 0, 0, 0, 0,
0, 0, 0, 0, 0, 0, 0, 0, 0, 0, 0, 0, 0, 0, 0, 0, 0, 0, 0, 0, 0, 0, 0, 0, 0, 0, 0, 0, 0, 0, 0, 0, 0, 0, 0,
0, 0, 0, 0, 0, 0, 0, 0, 0, 0, 0, 0, 0, 0, 0, 0, 0, 0, 0, 0, 0, 0, 0, 0, 0, 0, 0, 0, 0, 0, 0, 0, 0, 0, 0,
0, 0, 0, 0, 0, 0, 0, 0, 0, 0, 0, 0, 0, 0, 0, 0, 0, 0, 0, 0, 0, 0, 0, 0, 0, 0, 0, 0, 0, 0, 0, 0, 0, 0, 0,
0, 0, 0, 0, 0, 0, 0, 0, 0, 0, 0, 0, 0, 0, 0, 0, 0, 0, 0, 0, 0, 0, 0, 0, 0, 0, 0, 0, 0, 0, 0, 0, 0, 0, 0,
0, 0, 0, 0, 0, 0, 0, 0, 0, 0, 0, 0, 0, 0, 0, 0, 0, 0, 0, 0, 0, 0, 0, 0, 0, 0, 0, 0, 0, 0, 0, 0, 0, 0, 0,
0, 0, 0, 0, 0, 0, 0, 0, 0, 0, 0, 0, 0, 0, 0, 0, 0, 0, 0, 0, 0, 0, 0, 0, 0, 0, 0, 0, 0, 0, 0, 0, 0, 0, 0,
0, 0, 0, 0, 0, 0, 0, 0, 0, 0, 0, 0, 0, 0, 0, 0, 0, 0, 0, 0, 0, 0, 0, 0, 0, 0, 0, 0, 0, 0, 0, 0, 0, 0, 0,
0, 0, 0, 0, 0, 0, 0, 0, 0, 0, 0, 0, 0, 0, 0, 0, 0, 0, 0, 0, 0, 0, 0, 0, 0, 0, 0, 0, 0, 0, 0, 0, 0, 0, 0,
0, 0, 0, 0, 0, 0, 0, 0, 0, 0, 0, 0, 0, 0, 0, 0, 0, 0, 0, 0, 0, 0, 0, 0, 0, 0, 0, 0, 0, 0, 0, 0, 0, 0, 0,
0, 0, 0, 0, 0, 0, 0, 0, 0, 0, 0, 0, 0, 0, 0, 0, 0, 0, 0, 0, 0, 0, 0, 0, 0, 0, 0, 0, 0, 0, 0, 0, 0, 0, 0,
0, 0, 0, 0, 0, 0, 0, 0, 0, 0, 0, 0, 0, 0, 0, 0, 0, 0, 0, 0, 0, 0, 0, 0, 0, 0, 0, 0, 0, 0, 0, 0, 0, 0, 0,
0, 0, 0, 0, 0, 0, 0, 0, 0, 0, 0, 0, 0, 0, 0, 0, 0, 0, 0, 0, 0, 0, 0, 0, 0, 0, 0, 0, 0, 0, 0, 0, 0, 0, 0,
0, 0, 0, 0, 0, 0, 0, 0, 0, 0, 0, 0, 0, 0, 0, 0, 0, 0, 0, 0, 0, 0, 0, 0, 0, 0, 0, 0, 0, 0, 0, 0, 0, 0, 0,
0, 0, 0, 0, 0, 0, 0, 0, 0, 0, 0, 0, 0, 0, 0, 0, 0, 0, 0, 0, 0, 0, 0, 0, 0, 0, 0, 0, 0, 0, 0, 0, 0, 0, 0,
0, 0, 0, 0, 0, 0, 0, 0, 0, 0, 0, 0, 0, 0, 0, 0, 0, 0, 0, 0, 0, 0, 0, 0, 0, 0, 0, 0, 0, 0, 0, 0, 0, 0, 0,
0, 0, 0, 0, 0, 0, 0, 0, 0, 0, 0, 0, 0, 0, 0, 0, 0, 0, 0, 0, 0, 0, 0, 0, 0, 0, 0, 0, 0, 0, 0, 0, 0, 0, 0,
0, 0, 0, 0, 0, 0, 0, 0, 0, 0, 0, 0, 0, 0, 0, 0, 0, 0, 0, 0, 0, 0, 0, 0, 0, 0, 0, 0, 0, 0, 0, 0, 0, 0, 0,
0, 0, 0, 0, 0, 0, 0, 0, 0, 0, 0, 0, 0, 0, 0, 0, 0, 0, 0, 0, 0, 0, 0, 0, 0, 0, 0, 0, 0, 0, 0, 0, 0, 0, 0,
0, 0, 0, 0, 0, 0, 0, 0, 0, 0, 0, 0, 0, 0, 0, 0, 0, 0, 0, 0, 0, 0, 0, 0, 0, 0, 0, 0, 0, 0, 0, 0, 0, 0, 0,
0, 0, 0, 0, 0, 0, 0, 0, 0, 0, 0, 0, 0, 0, 0, 0, 0, 0, 0, 0, 0, 0, 0, 0, 0, 0, 0, 0, 0, 0, 0, 0, 0, 0, 0,
0, 0, 0, 0, 0, 0, 0, 0, 0, 0, 0, 0, 0, 0, 0, 0, 0, 0, 0, 0, 0, 0, 0, 0, 0, 0, 0, 0, 0, 0, 0, 0, 0, 0, 0,
0, 0, 0, 0, 0, 0, 0, 0, 0, 0, 0, 0, 0, 0, 0, 0, 0, 0, 0, 0, 0, 0, 0, 0, 0, 0, 0, 0, 0, 0, 0, 0, 0, 0, 0,
0, 0, 0, 0, 0, 0, 0, 0, 0, 0, 0, 0, 0, 0, 0, 0, 0, 0, 0, 0, 0, 0, 0, 0, 0, 0, 0, 0, 0, 0, 0, 0, 0, 0, 0,
0, 0, 0, 
print model ok!

start rec...
get noise again...
speeking...
frm_num=90
-79, 26, 14, 26, 20, 26, 23, 26, 25, 26, 23, 23, 146, 66, 92, 84, 11, -94, -84, 9, -5, -25, -44, -3, 198, 115, 40, 65, 96, -57, -84, -8, -16, -76, -26,
-23, 195, 109, 69, 32, 45, -33, -76, -47, -10, -7, 18, -1, 253, 112, 25, 72, 18, -96, -49, 51, -3, -48, -10, -53, 195, 107, 48, 66, -22, -55, -41, 61, 25, -72,
-19, -19, 34, 175, 9, 44, -22, 24, -71, 20, 29, 18, 11, -20, -2, 132, 19, 60, -19, 14, -29, 39, 15, 4, -16, 0, -65, 203, -14, 51, -14, -19, -52, 23, 37,
-34, -25, 25, 7, 220, -43, 1, -53, -33, -40, 11, 68, -15, -115, 21, 55, 191, -43, -108, -86, -41, 31, 1, 45, -42, -92, 13, 133, 133, -65, -176, -100, -3, 97, -19,
16, -59, -113, 20, 131, -40, -42, -184, -31, 12, 75, -39, -74, -31, -102, -18, 144, -103, -111, -53, -37, 53, 51, -65, -69, -51, -54, -14, 221, -160, -146, -20, -17, 13, 52,
-41, -122, -23, -27, -16, 209, -223, -142, -55, 30, 17, 96, -50, -147, 20, -65, -22, 148, -309, -70, -44, 59, 2, 102, -110, -142, -20, -48, -15, 177, -270, -86, 6, 7, -27,
114, -54, -120, -68, -27, 0, 215, -262, -125, 5, 44, -52, 75, -4, -108, -44, -49, -19, 189, -173, -86, 19, 3, -77, 86, -29, -93, -18, -56, -23, 237, -166, -79, -37, 9,
-27, 80, -15, -117, -35, -44, 2, 242, -250, -55, -24, 15, -15, 89, -66, -114, -51, -37, -46, 250, -210, 10, -44, -40, -17, 84, -80, -94, -29, -40, -10, 244, -146, 17, -40,
-47, 3, 60, -33, -72, -27, -40, -15, 261, -107, 30, 0, -11, -25, -9, -45, -27, -22, -23, -8, 259, -107, -33, -44, -30, -42, 36, 10, -66, -47, -6, 23, 292, -136, -44,
-63, -68, -66, 92, 24, 3, 16, -61, -72, 306, -89, -13, -49, -60, -86, 24, 41, -18, -16, -41, -51, 336, -87, -11, -79, -49, -41, 21, 16, -26, -44, -41, -37, 328, -66,
-2, -43, -49, -72, -7, 11, -31, -23, 0, -48, 347, -52, -13, -80, -51, -23, 11, 8, -39, -20, -12, -59, 392, -60, -40, -92, -31, -57, 6, 23, -52, 5, 0, -97, 371,
-24, -18, -114, -41, -57, 17, 38, -47, -22, -41, -50, 363, -30, -21, -118, -86, -24, 12, 44, -1, -64, -69, -65, 359, 6, -28, -103, -46, -33, 8, 23, 4, -59, -88, -49,
285, 86, 17, -65, -75, -136, 31, 42, -34, -47, -72, -61, 245, 91, 2, -95, -71, -134, 16, 3, -18, -8, -69, -54, 269, 58, -47, -77, -42, -124, -1, -15, 8, -17, -48,
-68, 218, 3, -69, -68, -59, -73, -66, -12, 11, 0, -85, -34, 251, 5, -30, -80, -103, -26, -52, -9, -6, 14, -54, -1, 186, 0, -83, 1, -73, -71, -42, 2, -8, 32,
-90, 28, 202, 54, -133, -36, -137, 15, -2, 32, -3, 41, -94, 0, 204, 37, -108, 45, -71, 12, 15, 33, -63, -31, -43, 22, 177, 111, -85, 8, -77, 60, 1, 39, -57,
-15, -61, -2, 107, 114, -108, 83, -30, 92, -51, 31, -52, -8, -81, 0, 77, 190, -105, 71, -40, 30, -53, 9, -39, -3, -39, -27, 71, 108, -178, 37, -85, -33, -61, 49,
8, -29, 35, -36, 101, 31, -157, 89, -19, -36, 47, 83, -43, -100, 6, -39, 181, 107, -119, 51, 2, 22, 16, 18, -39, -61, -54, -55, 189, 90, -19, 64, -1, 17, 27,
69, -50, -129, -45, -33, 170, 73, -20, 87, -7, -3, -6, 92, -25, -102, -72, -34, 137, 101, -1, 74, -111, -39, 0, 49, -18, -16, -9, -27, 77, 28, -72, 26, -62, -43,
-10, 79, -16, 8, -8, 7, 109, 61, -51, 37, -39, -33, -17, 52, -25, -66, 13, 0, 108, 8, -46, 107, 53, 6, -44, -7, -22, 1, -24, -30, 80, -286, -134, 289, 74,
-69, -46, 36, -33, -12, 26, 19, 157, -245, -155, 175, 7, -111, 16, 162, 9, -65, 3, -13, 311, -118, -125, 101, -35, -99, -41, 108, 29, -70, -20, -8, 368, -97, -124, 62,
-90, -168, -47, 135, -16, -80, -50, -17, 384, -80, -114, 56, -62, -192, -56, 126, 6, -95, -67, -12, 400, -76, -135, 73, -74, -211, 0, 94, -22, -109, -1, -32, 359, -99, -146,
71, -102, -213, -31, 100, -49, -94, 16, -29, 368, -135, -52, 86, -98, -219, -21, 105, -41, -68, 40, 0, 365, -110, 14, 66, -91, -169, -82, 56, -20, -27, 39, -11, 350, -140,
20, 33, -105, -136, -18, 142, -10, -157, -49, -9, 352, -107, -72, 47, -31, -131, -17, 121, -2, -123, -52, -52, 309, -27, -53, 67, 37, -63, -2, 114, -33, -149, -71, -26, 312,
-56, -3, 36, -17, -89, 14, 93, -7, -81, -57, -46, 348, -29, -25, 46, -35, -130, -2, 101, -60, -73, 6, 10, 326, -46, -57, 57, -27, -198, 11, 131, -36, -53, -36, -2,
312, -24, -1, 68, -5, -194, -44, 85, 6, -61, -7, 27, 315, 66, -35, -2, -52, -120, -55, 59, -8, -29, -13, 12, 277, 36, 6, 4, -9, -138, -61, 49, -37, -9, -7,
-13, 319, 13, -29, -25, -58, -127, -5, 94, -29, -36, -20, -8, 256, 21, 9, -12, 5, -136, -7, 93, -86, -39, -14, 2, 348, -24, -7, -50, 27, -125, 16, 45, -58, -36,
-26, -34, 372, -37, -78, -86, 64, -143, -15, 62, -44, 0, -6, -53, 408, -71, -126, -31, 60, -104, -77, 52, -27, -2, -6, -75, 375, -36, -149, -30, 77, -64, -53, 16, -14,
-8, -47, -32, 373, -31, -152, -14, 98, -50, -56, 4, -36, -22, -10, -38, 353, -53, -150, -7, 109, -23, -50, -21, -30, -1, -21, -35, 312, -41, -152, -5, 87, -64, -50, 31,
-5, -39, -53, 0, 261, -82, -133, 11, 33, -84, 7, 72, 4, -51, 10, -1, 228, -95, -113, 20, 34, -60, -5, 41, -47, -41, 91, 61, 247, -104, -3, 32, 74, -117, -22,
-20, -7, 3, 60, 16, 214, -77, 93, 20, 68, -70, -5, -10, -32, -26, -22, 8, 228, -72, 104, -4, 8, 39, 7, -39, -5, -15, -59, -55, 203, -61, 118, 7, 27, 5,
12, -32, -24, 2, -23, -28, 238, 0, 28, -18, 5, 22, 11, -39, -6, 1, -51, 7, 197, -27, 31, -7, 22, -44, -35, -43, -2, 8, 33, 61, 0, 0, 0, 0, 0,
0, 0, 0, 0, 0, 0, 0, 0, 0, 0, 0, 0, 0, 0, 0, 0, 0, 0, 0, 0, 0, 0, 0, 0, 0, 0, 0, 0, 0, 0, 0, 0, 0, 0, 0,
0, 0, 0, 0, 0, 0, 0, 0, 0, 0, 0, 0, 0, 0, 0, 0, 0, 0, 0, 0, 0, 0, 0, 0, 0, 0, 0, 0, 0, 0, 0, 0, 0, 0, 0,
0, 0, 0, 0, 0, 0, 0, 0, 0, 0, 0, 0, 0, 0, 0, 0, 0, 0, 0, 0, 0, 0, 0, 0, 0, 0, 0, 0, 0, 0, 0, 0, 0, 0, 0,
0, 0, 0, 0, 0, 0, 0, 0, 0, 0, 0, 0, 0, 0, 0, 0, 0, 0, 0, 0, 0, 0, 0, 0, 0, 0, 0, 0, 0, 0, 0, 0, 0, 0, 0,
0, 0, 0, 0, 0, 0, 0, 0, 0, 0, 0, 0, 0, 0, 0, 0, 0, 0, 0, 0, 0, 0, 0, 0, 0, 0, 0, 0, 0, 0, 0, 0, 0, 0, 0,
0, 0, 0, 0, 0, 0, 0, 0, 0, 0, 0, 0, 0, 0, 0, 0, 0, 0, 0, 0, 0, 0, 0, 0, 0, 0, 0, 0, 0, 0, 0, 0, 0, 0, 0,
0, 0, 0, 0, 0, 0, 0, 0, 0, 0, 0, 0, 0, 0, 0, 0, 0, 0, 0, 0, 0, 0, 0, 0, 0, 0, 0, 0, 0, 0, 0, 0, 0, 0, 0,
0, 0, 0, 0, 0, 0, 0, 0, 0, 0, 0, 0, 0, 0, 0, 0, 0, 0, 0, 0, 0, 0, 0, 0, 0, 0, 0, 0, 0, 0, 0, 0, 0, 0, 0,
0, 0, 0, 0, 0, 0, 0, 0, 0, 0, 0, 0, 0, 0, 0, 0, 0, 0, 0, 0, 0, 0, 0, 0, 0, 0, 0, 0, 0, 0, 0, 0, 0, 0, 0,
0, 0, 0, 0, 0, 0, 0, 0, 0, 0, 0, 0, 0, 0, 0, 0, 0, 0, 0, 0, 0, 0, 0, 0, 0, 0, 0, 0, 0, 0, 0, 0, 0, 0, 0,
0, 0, 0, 0, 0, 0, 0, 0, 0, 0, 0, 0, 0, 0, 0, 0, 0, 0, 0, 0, 0, 0, 0, 0, 0, 0, 0, 0, 0, 0, 0, 0, 0, 0, 0,
0, 0, 0, 0, 0, 0, 0, 0, 0, 0, 0, 0, 0, 0, 0, 0, 0, 0, 0, 0, 0, 0, 0, 0, 0, 0, 0, 0, 0, 0, 0, 0, 0, 0, 0,
0, 0, 0, 0, 0, 0, 0, 0, 0, 0, 0, 0, 0, 0, 0, 0, 0, 0, 0, 0, 0, 0, 0, 0, 0, 0, 0, 0, 0, 0, 0, 0, 0, 0, 0,
0, 0, 0, 0, 0, 0, 0, 0, 0, 0, 0, 0, 0, 0, 0, 0, 0, 0, 0, 0, 0, 0, 0, 0, 0, 0, 0, 0, 0, 0, 0, 0, 0, 0, 0,
0, 0, 0, 0, 0, 0, 0, 0, 0, 0, 0, 0, 0, 0, 0, 0, 0, 0, 0, 0, 0, 0, 0, 0, 0, 0, 0, 0, 0, 0, 0, 0, 0, 0, 0,
0, 0, 0, 0, 0, 0, 0, 0, 0, 0, 0, 0, 0, 0, 0, 0, 0, 0, 0, 0, 0, 0, 0, 0, 0, 0, 0, 0, 0, 0, 0, 0, 0, 0, 0,
0, 0, 0, 0, 0, 0, 0, 0, 0, 0, 0, 0, 0, 0, 0, 0, 0, 0, 0, 0, 0, 0, 0, 0, 0, 0, 0, 0, 0, 0, 0, 0, 0, 0, 0,
0, 0, 0, 0, 0, 0, 0, 0, 0, 0, 0, 0, 0, 0, 0, 0, 0, 0, 0, 0, 0, 0, 0, 0, 0, 0, 0, 0, 0, 0, 0, 0, 0, 0, 0,
0, 0, 0, 0, 0, 0, 0, 0, 0, 0, 0, 0, 0, 0, 0, 0, 0, 0, 0, 0, 0, 0, 0, 0, 0, 0, 0, 0, 0, 0, 0, 0, 0, 0, 0,
0, 0, 0, 0, 0, 0, 0, 0, 0, 0, 0, 0, 0, 0, 0, 0, 0, 0, 0, 0, 0, 0, 0, 0, 0, 0, 0, 0, 0, 0, 0, 0, 0, 0, 0,
0, 0, 0, 0, 0, 0, 0, 0, 0, 0, 0, 0, 0, 0, 0, 0, 0, 0, 0, 0, 0, 0, 0, 0, 0, 0, 0, 0, 0, 0, 0, 0, 0, 0, 0,
0, 0, 0, 0, 0, 0, 0, 0, 0, 0, 0, 0, 0, 0, 0, 0, 0, 0, 0, 0, 0, 0, 0, 0, 0, 0, 0, 0, 0, 0, 0, 0, 0, 0, 0,
0, 0, 0, 0, 0, 0, 0, 0, 0, 0, 0, 0, 0, 0, 0, 0, 0, 0, 0, 0, 0, 0, 0, 0, 0, 0, 0, 0, 0, 0, 0, 0, 0, 0, 0,
0, 0, 0, 0, 0, 0, 0, 0, 0, 0, 0, 0, 0, 0, 0, 0, 0, 0, 0, 0, 0, 0, 0, 0, 0, 0, 0, 0, 0, 0, 0, 0, 0, 0, 0,
0, 0, 0, 0, 0, 0, 0, 0, 0, 0, 0, 0, 0, 0, 0, 0, 0, 0, 0, 0, 0, 0, 0, 0, 0, 0, 0, 0, 0, 0, 0, 0, 0, 0, 0,
0, 0, 0, 0, 0, 0, 0, 0, 0, 0, 0, 0, 0, 0, 0, 0, 0, 0, 0, 0, 0, 0, 0, 0, 0, 0, 0, 0, 0, 0, 0, 0, 0, 0, 0,
0, 0, 0, 0, 0, 0, 0, 0, 0, 0, 0, 0, 0, 0, 0, 0, 0, 0, 0, 0, 0, 0, 0, 0, 0, 0, 0, 0, 0, 0, 0, 0, 0, 0, 0,
0, 0, 0, 0, 0, 0, 0, 0, 0, 0, 0, 0, 0, 0, 0, 0, 0, 0, 0, 0, 0, 0, 0, 0, 0, 0, 0, 0, 0, 0, 0, 0, 0, 0, 0,
0, 0, 0, 0, 0, 0, 0, 0, 0, 0, 0, 0, 0, 0, 0, 0, 0, 0, 0, 0, 0, 0, 0, 0, 0, 0, 0, 0, 0, 0, 0, 0, 0, 0, 0,
0, 0, 0, 0, 0, 0, 0, 0, 0, 0, 0, 0, 0, 0, 0, 0, 0, 0, 0, 0, 0, 0, 0, 0, 0, 0, 0, 0, 0, 0, 0, 0, 0, 0, 0,
0, 0, 0, 0, 0, 0, 0, 0, 0, 0, 0, 0, 0, 0, 0, 0, 0, 0, 0, 0, 0, 0, 0, 0, 0, 0, 0, 0, 0, 0, 0, 0, 0, 0, 0,
0, 0, 0, 0, 0, 0, 0, 0, 0, 0, 0, 0, 0, 0, 0, 0, 0, 0, 0, 0, 0, 0, 0, 0, 0, 0, 0, 0, 0, 0, 0, 0, 0, 0, 0,
0, 0, 0, 0, 0, 0, 0, 0, 0, 0, 0, 0, 0, 0, 0, 0, 0, 0, 0, 0, 0, 0, 0, 0, 0, 0, 0, 0, 0, 0, 0, 0, 0, 0, 0,
0, 0, 0, 0, 0, 0, 0, 0, 0, 0, 0, 0, 0, 0, 0, 0, 0, 0, 0, 0, 0, 0, 0, 0, 0, 0, 0, 0, 0, 0, 0, 0, 0, 0, 0,
0, 0, 0, 0, 0, 0, 0, 0, 0, 0, 0, 0, 0, 0, 0, 0, 0, 0, 0, 0, 0, 0, 0, 0, 0, 0, 0, 0, 0, 0, 0, 0, 0, 0, 0,
0, 0, 0, 0, 0, 0, 0, 0, 0, 0, 0, 0, 0, 0, 0, 0, 0, 0, 0, 0, 0, 0, 0, 0, 0, 0, 0, 0, 0, 0, 0, 0, 0, 0, 0,
0, 0, 0, 0, 0, 0, 0, 0, 0, 0, 0, 0, 0, 0, 0, 0, 0, 0, 0, 0, 0, 0, 0, 0, 0, 0, 0, 0, 0, 0, 0, 0, 0, 0, 0,
0, 0, 0, 0, 0, 0, 0, 0, 0, 0, 0, 0, 0, 0, 0, 0, 0, 0, 0, 0, 0, 0, 0, 0, 0, 0, 0, 0, 0, 0, 0, 0, 0, 0, 0,
0, 0, 0, 0, 0, 0, 0, 0, 0, 0, 0, 0, 0, 0, 0, 0, 0, 0, 0, 0, 0, 0, 0, 0, 0, 0, 0, 0, 0, 0, 0, 0, 0, 0, 0,
0, 0, 0, 0, 0, 0, 0, 0, 0, 0, 0, 0, 0, 0, 0, 0, 0, 0, 0, 0, 0, 0, 0, 0, 0, 0, 0, 0, 0, 0, 0, 0, 0, 0, 0,
0, 0, 0, 0, 0, 0, 0, 0, 0, 0, 0, 0, 0, 0, 0, 0, 0, 0, 0, 0, 0, 0, 0, 0, 0, 0, 0, 0, 0, 0, 0, 0, 0, 0, 0,
0, 0, 0, 0, 0, 0, 0, 0, 0, 0, 0, 0, 0, 0, 0, 0, 0, 0, 0, 0, 0, 0, 0, 0, 0, 0, 0, 0, 0, 0, 0, 0, 0, 0, 0,
0, 0, 0, 0, 0, 0, 0, 0, 0, 0, 0, 0, 0, 0, 0, 0, 0, 0, 0, 0, 0, 0, 0, 0, 0, 0, 0, 0, 0, 0, 0, 0, 0, 0, 0,
0, 0, 0, 0, 0, 0, 0, 0, 0, 0, 0, 0, 0, 0, 0, 0, 0, 0, 0, 0, 0, 0, 0, 0, 0, 0, 0, 0, 0, 0, 0, 0, 0, 0, 0,
0, 0, 0, 
print model ok!
