start rec...
get noise again...
speeking...
frm_num=95
-79, 36, 24, 35, 30, 35, 33, 36, 35, 36, 33, 33, 100, 83, 42, 111, 64, -56, -123, 8, -7, -4, -30, -12, 171, 117, 62, 92, 43, -62, -135, 0, -8, -20, -25,
-15, 208, 97, 29, 40, 21, -113, -86, 22, -10, -19, -71, -80, 218, 110, 63, 60, 79, -83, -114, -17, 7, -16, -14, -13, 227, 81, 84, 37, 30, -53, -79, -19, -3, -32,
-15, -18, 276, 126, 39, 8, -15, -31, -23, 56, -43, -20, -42, -25, 190, 115, 115, 51, 15, -8, -46, 12, -16, -60, -24, -3, 47, 165, 21, 135, 36, -26, -81, 16, -28,
-35, -6, 15, -116, 192, -38, 156, -4, 79, -88, 23, -53, -40, 5, 27, -176, 108, -62, 132, 17, 43, -84, 13, -24, -38, 13, 17, -75, 221, -76, 100, 24, -24, -74, -26,
15, -41, -3, 39, 50, 242, -132, -37, -44, -16, -26, 64, 35, -36, -116, 22, 134, 174, -130, -90, -61, -36, 11, 67, 4, -98, -96, 24, 160, 37, -172, -100, -17, -44, 43,
81, -65, -86, -74, 11, 154, -118, -158, -186, -47, 74, 45, 10, -72, -11, -43, 33, 171, -92, -155, -119, 3, 16, 15, 27, -77, -9, -10, -19, 155, -149, -145, -82, -7, -13,
18, 42, -121, -48, 43, -6, 243, -215, -166, -63, 0, 17, 57, 16, -91, 8, -10, -19, 255, -181, -185, 0, -15, 57, 31, -13, -130, 32, 11, -68, 191, -180, -125, 6, 59,
0, 48, 25, -134, 33, -23, -30, 209, -207, -119, 8, 80, -59, 23, 26, -115, 48, -6, -25, 254, -179, -149, -51, 72, 26, 34, -24, -106, 42, 1, -63, 302, -260, -159, 3,
68, 0, 74, -13, -151, -41, -22, -56, 275, -193, -165, 18, 83, 27, 59, -54, -158, -59, 37, -40, 267, -165, -117, -43, 36, -23, 48, 10, -132, -57, 24, -84, 207, -89, -134,
-36, 69, 50, 56, -9, -85, -38, 8, -25, 190, -107, -34, 0, 53, -34, 30, 0, -125, -22, 6, -60, 290, -135, -30, -65, -62, -12, 26, 35, -31, 21, -43, -67, 283, -111,
-101, -53, -30, 27, 20, 56, -88, -52, -9, -42, 313, -123, -70, -16, 33, -20, -9, 24, -78, 17, -14, -86, 343, -81, -88, -24, 4, -19, 0, -40, -117, 31, 35, -60, 376,
-89, -129, -22, 70, -29, -44, 12, -105, -20, 14, -32, 319, -34, -22, -65, -25, -20, 0, -16, -39, 6, -32, -109, 355, -42, -47, -78, -59, -5, 17, 22, -48, -42, -45, -30,
308, -51, -12, -71, -73, -23, 2, 9, -21, -28, -36, -60, 277, -44, -25, -153, -75, 9, -21, 32, -13, -3, -6, -18, 221, -108, -69, -172, -68, 29, 5, 10, 41, 24, 57,
37, 302, -59, -96, -132, -55, 7, -18, -26, 10, -57, -10, -11, 291, 48, -32, -114, -78, -35, -13, -41, 22, -33, -76, 53, 268, -34, -18, -83, -61, -36, -43, 0, 12, -5,
-77, 22, 217, 8, -4, -115, -123, -27, -55, 29, -7, -8, -26, 55, 225, 18, -126, -83, -165, 3, -75, 18, 42, 11, -50, 62, 158, 42, -55, -92, -146, -30, -32, 44, 39,
22, -68, 25, 145, 52, -86, -18, -81, 18, 13, -13, -6, 41, -71, 46, 126, 48, -194, -37, -71, 6, -22, 89, -17, 24, -51, 7, 80, 103, -189, -57, -51, 42, 0, 50,
56, 17, -55, 46, 109, 139, -160, 3, -56, 100, -16, 25, -31, 6, -53, 10, 136, 160, -216, 9, -75, 42, -51, 14, -29, 24, -32, 4, 40, 238, -151, 31, -106, 106, -50,
97, -11, 45, -36, -28, 28, 199, -211, 30, -82, 61, 6, 77, 1, -1, -15, 10, -8, 225, -153, 0, -54, 38, -13, 85, -30, -1, -17, 23, 45, 96, -171, 19, -44, 102,
-26, 45, -13, 15, -1, 18, 15, 79, -116, 113, -93, -23, -77, 89, 17, 38, 64, 8, 183, 112, -107, 22, -78, 4, -8, 90, -13, -4, 13, 23, 136, 168, -33, 29, -64,
16, -99, 36, 15, 45, 29, -34, 122, 143, 0, 69, -69, 2, -72, 109, -6, 11, -9, 1, 133, 75, -97, -2, -31, -10, 1, 85, -9, 15, -7, -7, -90, 85, -40, 41,
-21, 28, 1, 67, 7, 12, -34, 95, 122, 95, -88, -136, -107, -15, -33, 147, 29, -59, -2, 14, 172, 48, -60, -221, -73, -72, 26, 102, 45, -109, -70, 64, 169, 90, -76,
-225, -85, -84, 40, 119, 23, -85, -152, 76, 195, 81, -89, -285, -74, -21, 51, 78, 22, -89, -92, 40, 162, 46, -115, -275, -69, 23, 18, 57, 6, -119, -77, 34, 161, 0,
-68, -257, -11, 34, -43, 94, 36, -140, -63, 35, 118, -37, -38, -175, 11, 47, -6, 61, 28, -149, -8, 0, 170, 2, -113, -217, -60, 113, 2, 62, 38, -109, -16, -37, 212,
18, -89, -283, -39, -8, 63, 107, -11, -67, -44, -22, 230, 19, -49, -223, -71, 2, 90, 65, -36, -114, -40, 54, 247, 20, -6, -221, -20, 1, 24, 104, -28, -145, -87, 26,
233, 29, -7, -163, -8, -52, -13, 110, -48, -107, -87, -26, 268, 24, -11, -139, 2, -66, -38, 84, -48, -61, -38, -3, 246, 51, -3, -151, 57, -76, -73, 6, -58, -24, -39,
5, 293, 98, -15, -84, 30, -123, -101, 25, -51, -34, -41, -3, 262, 84, -7, -110, 68, -104, -68, 55, 6, -94, -77, 0, 233, 20, -9, -123, 6, -66, -81, 50, -74, -91,
-68, -29, 332, 7, -106, -141, 56, -57, -115, 73, 1, -92, -31, -26, 280, -10, -59, -108, 76, -81, -127, 42, -26, -40, -32, -9, 293, 9, -27, -100, 78, -36, -141, 0, -51,
-1, 3, -7, 307, -24, -54, -51, 138, -119, -82, 41, -84, 11, -8, 12, 351, -37, -103, -46, 105, -93, -134, 43, -16, -8, -44, -9, 355, -62, -101, -84, 75, -72, -89, 50,
-9, -25, -15, -74, 350, 24, -145, -157, 120, -27, -102, 46, -16, -4, -53, -56, 350, -1, -154, -122, 85, -76, -47, 70, -44, -5, -56, -96, 355, 38, -151, -94, 74, -59, -17,
69, 0, -32, -95, -77, 365, 12, -87, -104, 72, -8, -54, 58, -75, -84, -23, -30, 369, 45, -73, -72, 36, -66, -66, 38, -49, -48, -33, -30, 348, 108, -52, -101, 86, -48,
-48, 4, -35, -16, -54, -6, 341, 99, 21, -96, 75, -36, -49, -20, -62, -17, -33, -1, 343, 102, -29, -71, 171, 2, -136, -69, -47, 16, 0, -25, 322, 123, -6, -80, 96,
-12, -67, -58, -55, -7, -19, -20, 319, 52, -17, 3, 177, -31, -83, -18, -98, -15, -28, 2, 332, 67, -19, -19, 121, -58, -15, 13, -85, -41, -30, -8, 373, 130, -57, -72,
91, -59, -33, 66, -65, 17, 0, -62, 408, 114, -79, -133, 76, -38, -33, 62, 9, -22, -86, -39, 0, 0, 0, 0, 0, 0, 0, 0, 0, 0, 0, 0, 0, 0, 0,
0, 0, 0, 0, 0, 0, 0, 0, 0, 0, 0, 0, 0, 0, 0, 0, 0, 0, 0, 0, 0, 0, 0, 0, 0, 0, 0, 0, 0, 0, 0, 0, 0, 0, 0,
0, 0, 0, 0, 0, 0, 0, 0, 0, 0, 0, 0, 0, 0, 0, 0, 0, 0, 0, 0, 0, 0, 0, 0, 0, 0, 0, 0, 0, 0, 0, 0, 0, 0, 0,
0, 0, 0, 0, 0, 0, 0, 0, 0, 0, 0, 0, 0, 0, 0, 0, 0, 0, 0, 0, 0, 0, 0, 0, 0, 0, 0, 0, 0, 0, 0, 0, 0, 0, 0,
0, 0, 0, 0, 0, 0, 0, 0, 0, 0, 0, 0, 0, 0, 0, 0, 0, 0, 0, 0, 0, 0, 0, 0, 0, 0, 0, 0, 0, 0, 0, 0, 0, 0, 0,
0, 0, 0, 0, 0, 0, 0, 0, 0, 0, 0, 0, 0, 0, 0, 0, 0, 0, 0, 0, 0, 0, 0, 0, 0, 0, 0, 0, 0, 0, 0, 0, 0, 0, 0,
0, 0, 0, 0, 0, 0, 0, 0, 0, 0, 0, 0, 0, 0, 0, 0, 0, 0, 0, 0, 0, 0, 0, 0, 0, 0, 0, 0, 0, 0, 0, 0, 0, 0, 0,
0, 0, 0, 0, 0, 0, 0, 0, 0, 0, 0, 0, 0, 0, 0, 0, 0, 0, 0, 0, 0, 0, 0, 0, 0, 0, 0, 0, 0, 0, 0, 0, 0, 0, 0,
0, 0, 0, 0, 0, 0, 0, 0, 0, 0, 0, 0, 0, 0, 0, 0, 0, 0, 0, 0, 0, 0, 0, 0, 0, 0, 0, 0, 0, 0, 0, 0, 0, 0, 0,
0, 0, 0, 0, 0, 0, 0, 0, 0, 0, 0, 0, 0, 0, 0, 0, 0, 0, 0, 0, 0, 0, 0, 0, 0, 0, 0, 0, 0, 0, 0, 0, 0, 0, 0,
0, 0, 0, 0, 0, 0, 0, 0, 0, 0, 0, 0, 0, 0, 0, 0, 0, 0, 0, 0, 0, 0, 0, 0, 0, 0, 0, 0, 0, 0, 0, 0, 0, 0, 0,
0, 0, 0, 0, 0, 0, 0, 0, 0, 0, 0, 0, 0, 0, 0, 0, 0, 0, 0, 0, 0, 0, 0, 0, 0, 0, 0, 0, 0, 0, 0, 0, 0, 0, 0,
0, 0, 0, 0, 0, 0, 0, 0, 0, 0, 0, 0, 0, 0, 0, 0, 0, 0, 0, 0, 0, 0, 0, 0, 0, 0, 0, 0, 0, 0, 0, 0, 0, 0, 0,
0, 0, 0, 0, 0, 0, 0, 0, 0, 0, 0, 0, 0, 0, 0, 0, 0, 0, 0, 0, 0, 0, 0, 0, 0, 0, 0, 0, 0, 0, 0, 0, 0, 0, 0,
0, 0, 0, 0, 0, 0, 0, 0, 0, 0, 0, 0, 0, 0, 0, 0, 0, 0, 0, 0, 0, 0, 0, 0, 0, 0, 0, 0, 0, 0, 0, 0, 0, 0, 0,
0, 0, 0, 0, 0, 0, 0, 0, 0, 0, 0, 0, 0, 0, 0, 0, 0, 0, 0, 0, 0, 0, 0, 0, 0, 0, 0, 0, 0, 0, 0, 0, 0, 0, 0,
0, 0, 0, 0, 0, 0, 0, 0, 0, 0, 0, 0, 0, 0, 0, 0, 0, 0, 0, 0, 0, 0, 0, 0, 0, 0, 0, 0, 0, 0, 0, 0, 0, 0, 0,
0, 0, 0, 0, 0, 0, 0, 0, 0, 0, 0, 0, 0, 0, 0, 0, 0, 0, 0, 0, 0, 0, 0, 0, 0, 0, 0, 0, 0, 0, 0, 0, 0, 0, 0,
0, 0, 0, 0, 0, 0, 0, 0, 0, 0, 0, 0, 0, 0, 0, 0, 0, 0, 0, 0, 0, 0, 0, 0, 0, 0, 0, 0, 0, 0, 0, 0, 0, 0, 0,
0, 0, 0, 0, 0, 0, 0, 0, 0, 0, 0, 0, 0, 0, 0, 0, 0, 0, 0, 0, 0, 0, 0, 0, 0, 0, 0, 0, 0, 0, 0, 0, 0, 0, 0,
0, 0, 0, 0, 0, 0, 0, 0, 0, 0, 0, 0, 0, 0, 0, 0, 0, 0, 0, 0, 0, 0, 0, 0, 0, 0, 0, 0, 0, 0, 0, 0, 0, 0, 0,
0, 0, 0, 0, 0, 0, 0, 0, 0, 0, 0, 0, 0, 0, 0, 0, 0, 0, 0, 0, 0, 0, 0, 0, 0, 0, 0, 0, 0, 0, 0, 0, 0, 0, 0,
0, 0, 0, 0, 0, 0, 0, 0, 0, 0, 0, 0, 0, 0, 0, 0, 0, 0, 0, 0, 0, 0, 0, 0, 0, 0, 0, 0, 0, 0, 0, 0, 0, 0, 0,
0, 0, 0, 0, 0, 0, 0, 0, 0, 0, 0, 0, 0, 0, 0, 0, 0, 0, 0, 0, 0, 0, 0, 0, 0, 0, 0, 0, 0, 0, 0, 0, 0, 0, 0,
0, 0, 0, 0, 0, 0, 0, 0, 0, 0, 0, 0, 0, 0, 0, 0, 0, 0, 0, 0, 0, 0, 0, 0, 0, 0, 0, 0, 0, 0, 0, 0, 0, 0, 0,
0, 0, 0, 0, 0, 0, 0, 0, 0, 0, 0, 0, 0, 0, 0, 0, 0, 0, 0, 0, 0, 0, 0, 0, 0, 0, 0, 0, 0, 0, 0, 0, 0, 0, 0,
0, 0, 0, 0, 0, 0, 0, 0, 0, 0, 0, 0, 0, 0, 0, 0, 0, 0, 0, 0, 0, 0, 0, 0, 0, 0, 0, 0, 0, 0, 0, 0, 0, 0, 0,
0, 0, 0, 0, 0, 0, 0, 0, 0, 0, 0, 0, 0, 0, 0, 0, 0, 0, 0, 0, 0, 0, 0, 0, 0, 0, 0, 0, 0, 0, 0, 0, 0, 0, 0,
0, 0, 0, 0, 0, 0, 0, 0, 0, 0, 0, 0, 0, 0, 0, 0, 0, 0, 0, 0, 0, 0, 0, 0, 0, 0, 0, 0, 0, 0, 0, 0, 0, 0, 0,
0, 0, 0, 0, 0, 0, 0, 0, 0, 0, 0, 0, 0, 0, 0, 0, 0, 0, 0, 0, 0, 0, 0, 0, 0, 0, 0, 0, 0, 0, 0, 0, 0, 0, 0,
0, 0, 0, 0, 0, 0, 0, 0, 0, 0, 0, 0, 0, 0, 0, 0, 0, 0, 0, 0, 0, 0, 0, 0, 0, 0, 0, 0, 0, 0, 0, 0, 0, 0, 0,
0, 0, 0, 0, 0, 0, 0, 0, 0, 0, 0, 0, 0, 0, 0, 0, 0, 0, 0, 0, 0, 0, 0, 0, 0, 0, 0, 0, 0, 0, 0, 0, 0, 0, 0,
0, 0, 0, 0, 0, 0, 0, 0, 0, 0, 0, 0, 0, 0, 0, 0, 0, 0, 0, 0, 0, 0, 0, 0, 0, 0, 0, 0, 0, 0, 0, 0, 0, 0, 0,
0, 0, 0, 0, 0, 0, 0, 0, 0, 0, 0, 0, 0, 0, 0, 0, 0, 0, 0, 0, 0, 0, 0, 0, 0, 0, 0, 0, 0, 0, 0, 0, 0, 0, 0,
0, 0, 0, 0, 0, 0, 0, 0, 0, 0, 0, 0, 0, 0, 0, 0, 0, 0, 0, 0, 0, 0, 0, 0, 0, 0, 0, 0, 0, 0, 0, 0, 0, 0, 0,
0, 0, 0, 0, 0, 0, 0, 0, 0, 0, 0, 0, 0, 0, 0, 0, 0, 0, 0, 0, 0, 0, 0, 0, 0, 0, 0, 0, 0, 0, 0, 0, 0, 0, 0,
0, 0, 0, 0, 0, 0, 0, 0, 0, 0, 0, 0, 0, 0, 0, 0, 0, 0, 0, 0, 0, 0, 0, 0, 0, 0, 0, 0, 0, 0, 0, 0, 0, 0, 0,
0, 0, 0, 0, 0, 0, 0, 0, 0, 0, 0, 0, 0, 0, 0, 0, 0, 0, 0, 0, 0, 0, 0, 0, 0, 0, 0, 0, 0, 0, 0, 0, 0, 0, 0,
0, 0, 0, 0, 0, 0, 0, 0, 0, 0, 0, 0, 0, 0, 0, 0, 0, 0, 0, 0, 0, 0, 0, 0, 0, 0, 0, 0, 0, 0, 0, 0, 0, 0, 0,
0, 0, 0, 0, 0, 0, 0, 0, 0, 0, 0, 0, 0, 0, 0, 0, 0, 0, 0, 0, 0, 0, 0, 0, 0, 0, 0, 0, 0, 0, 0, 0, 0, 0, 0,
0, 0, 0, 0, 0, 0, 0, 0, 0, 0, 0, 0, 0, 0, 0, 0, 0, 0, 0, 0, 0, 0, 0, 0, 0, 0, 0, 0, 0, 0, 0, 0, 0, 0, 0,
0, 0, 0, 0, 0, 0, 0, 0, 0, 0, 0, 0, 0, 0, 0, 0, 0, 0, 0, 0, 0, 0, 0, 0, 0, 0, 0, 0, 0, 0, 0, 0, 0, 0, 0,
0, 0, 0, 0, 0, 0, 0, 0, 0, 0, 0, 0, 0, 0, 0, 0, 0, 0, 0, 0, 0, 0, 0, 0, 0, 0, 0, 0, 0, 0, 0, 0, 0, 0, 0,
0, 0, 0, 
print model ok!
start rec...
get noise again...
speeking...
frm_num=95
-78, 31, 20, 32, 26, 31, 28, 32, 31, 33, 29, 28, 130, 44, 57, 84, 23, -65, -36, 17, 10, -44, 2, -14, 191, 61, 16, 76, 67, -54, -36, 59, -20, -27, -43,
-38, 137, 55, 47, 55, 70, -38, -63, 9, -9, 3, -11, -22, 134, 77, 101, 62, 0, -39, -6, 47, -17, -40, -24, -21, 156, 82, 82, 11, 32, -2, 7, 45, -36, -18,
-9, 12, 90, 68, 97, 76, -4, -71, -25, 60, 46, -22, -46, -32, 81, 38, 51, 74, 49, -24, -8, 23, 15, -25, 19, 5, -65, 117, -2, 79, 30, 5, -14, 14, 8,
-6, -8, -30, -153, 186, -1, 172, 20, 33, -45, 50, -30, -25, -53, -10, -71, 183, -69, 50, 20, 21, -90, 12, 42, -28, -76, 4, 46, 196, -9, -74, -123, -19, -36, 67,
38, -90, -75, 24, 100, 204, -105, -113, -96, -71, 19, 109, 3, -144, -100, 42, 174, 99, -163, -149, -17, -31, 40, 56, -50, -98, -86, 28, 189, -64, -199, -180, -72, 71, 37,
-52, -72, -58, -72, 23, 170, -139, -148, -159, -42, 116, -12, -47, -31, 10, -11, 3, 135, -194, -155, -126, -27, 58, 16, -79, -35, 9, 42, 7, 174, -202, -173, -92, 19, -21,
31, -54, -88, 0, -6, 17, 203, -230, -133, -97, 82, -73, 36, 11, -119, -20, -35, 36, 228, -251, -106, 1, 22, -85, 48, 5, -116, 35, -9, -79, 191, -265, -128, -49, 101,
-50, 45, -68, -163, 36, 8, -51, 173, -259, -94, -20, 92, -40, 115, -32, -149, 16, -29, -88, 180, -238, -152, -76, 9, 23, 176, -75, -110, -12, -27, -27, 203, -232, -168, -57,
47, -9, 124, -82, -93, 26, 11, -62, 206, -216, -209, -83, 43, -15, 156, -96, -130, 5, 40, -34, 216, -221, -153, -78, 5, -40, 84, -39, -60, 61, -5, -52, 169, -182, -127,
-99, 109, 54, 24, -74, -43, 7, -27, -16, 259, -158, -104, -74, 5, -18, -2, -22, -17, 27, -18, -30, 282, -125, -108, -131, 8, -13, 65, -1, -31, -3, -42, -47, 260, -119,
-82, -98, 12, 5, 74, -15, -42, 3, -51, -28, 329, -78, -162, -75, 74, -43, -7, -32, -60, 50, -19, -5, 328, -70, -121, -14, 25, -28, 11, -18, -28, -39, 15, -21, 339,
-66, -121, -84, 59, 16, 5, 5, -79, -36, 17, -26, 338, -4, -86, -83, 20, 4, -42, -23, -53, -28, 42, -37, 346, -63, -26, -38, -63, -40, 59, -44, -44, 0, -21, -72,
343, -38, -120, -29, -5, -60, 13, -14, -35, 2, -61, -96, 326, -55, -109, -38, -8, -22, 10, -30, -44, -8, -53, -44, 301, -56, -125, -149, -38, -23, 24, 11, -30, -48, -29,
40, 204, -104, -109, -173, -36, -60, -5, 22, 58, -9, 4, 68, 295, -47, -121, -143, -39, -77, 26, 19, -29, -7, -20, 26, 344, 3, -141, -84, -63, -52, 9, -8, -44, -7,
-31, -7, 309, 57, -80, -132, 0, -31, -28, -5, -26, 2, -95, -23, 264, 92, -98, -30, -10, 9, 1, 13, -79, 4, -121, -18, 299, 56, -125, -56, -60, -5, 17, 64, -74,
29, -121, 22, 233, 45, -112, -23, -19, 121, -63, 2, -51, 4, -67, -8, 184, 46, -43, 7, -35, 65, -41, -6, -67, -7, -72, 36, 122, 123, -68, 7, -37, 77, -99, 7,
-7, -3, -100, 22, 24, 122, -147, 53, 16, 83, -18, 12, -40, -38, -91, -22, 44, 75, -240, 66, -69, 103, -42, 43, 23, -52, 24, 31, -24, 68, -233, 41, -55, 21, -1,
67, 19, 44, 12, 88, 89, 110, -143, 48, 7, 67, -29, 12, -35, 29, 56, 24, 120, 104, -80, 46, 9, 64, -36, -19, -88, -1, -26, 20, 172, 83, -126, 18, 32, 59,
-31, 32, -78, -59, -35, -32, 123, 100, -52, 84, 7, -19, -57, 31, -44, -2, -75, 3, 72, 84, -36, 131, -16, 14, -65, 25, -23, -8, -39, -36, 100, 95, -83, 43, -29,
-23, -8, 74, -52, -11, -10, -37, -66, 108, -67, 32, 21, -37, -26, 56, -15, -11, -1, 43, 42, 142, -83, -57, -35, -63, -38, 68, 2, -60, -38, 11, 210, 119, -116, -175,
-71, -29, -8, 92, 39, -73, -80, -6, 235, 86, -165, -210, -51, -14, 44, 34, 39, -88, -87, 11, 209, 70, -127, -249, 12, -17, 61, 52, 24, -78, -125, 8, 214, 23, -80,
-233, 4, 17, 36, 13, 1, -84, -93, 11, 207, 39, -83, -208, 5, -4, -12, 35, 36, -84, -53, 18, 231, 45, -87, -145, 34, -11, -19, 0, 2, -54, -46, 5, 207, -20,
-57, -119, 39, 25, 39, 60, -35, -65, -97, -35, 219, 6, -21, -72, 38, -25, -5, -5, -10, -41, -40, -16, 296, 23, -35, -123, -5, 6, 34, 64, -33, -79, -94, 0, 341,
27, -27, -72, 18, -11, 11, -2, -78, -76, -45, 48, 298, 102, -28, -95, 23, -31, 10, 17, -45, -77, -61, 66, 325, 84, -31, -28, 45, -59, 4, 20, -61, -72, -43, -4,
333, 92, 34, -24, -44, -67, -14, 84, -31, -74, -59, -14, 363, 60, 20, -68, -14, -54, -47, 99, -12, -135, -68, 2, 314, 98, 48, -54, -12, -8, -45, 22, -32, -76, -41,
-5, 325, 94, 33, -89, 9, -6, -30, 25, -55, -124, -52, 31, 374, 58, -11, -42, 12, -59, -32, 99, -2, -120, -92, -11, 371, 32, -55, -58, 65, -56, -50, 46, -15, -83,
-57, -42, 344, 58, -72, -74, 92, -52, -33, -9, -36, -9, -56, -49, 357, 11, -160, -46, 25, -28, -22, 3, -18, -26, -39, -59, 321, -8, -165, -85, 42, -20, -21, 22, -20,
-34, -25, -23, 274, -39, -189, -140, 26, 33, -24, 20, 39, -7, -40, -77, 231, -94, -226, -165, 21, -5, 7, 70, 77, -4, -11, -16, 297, -80, -196, -144, 22, -50, -23, 52,
-6, -4, -32, -30, 327, -18, -146, -91, 46, -73, -81, 6, 31, 18, -30, -27, 289, -23, -74, 10, 92, -87, -118, -20, -47, 20, 24, 27, 265, -11, -39, 18, 85, -109, -105,
8, -1, 4, -63, -10, 279, 7, -38, -20, 71, -47, -44, 7, -1, -35, -77, -25, 335, 44, -67, -59, 65, -55, -47, 66, -54, -30, -24, -54, 329, 92, -39, -67, 101, -59,
-109, 0, -5, 14, -30, -5, 306, 93, -2, 10, 58, -142, -78, 23, 3, -2, -43, -16, 360, 80, -77, -29, 84, -63, -42, -8, -3, 0, -47, -32, 391, 96, -56, -99, -15,
-41, -2, 67, 8, -53, -62, -52, 445, 110, -88, -129, 20, -32, -4, 58, 1, -43, -42, -58, 456, 51, -121, -78, 49, -34, -27, 38, -41, -14, -20, -30, 439, 48, -95, -53,
8, -22, -2, 31, -26, -34, -36, -27, 432, 50, -116, -109, 79, -15, -1, 22, -63, -36, -16, -23, 0, 0, 0, 0, 0, 0, 0, 0, 0, 0, 0, 0, 0, 0, 0,
0, 0, 0, 0, 0, 0, 0, 0, 0, 0, 0, 0, 0, 0, 0, 0, 0, 0, 0, 0, 0, 0, 0, 0, 0, 0, 0, 0, 0, 0, 0, 0, 0, 0, 0,
0, 0, 0, 0, 0, 0, 0, 0, 0, 0, 0, 0, 0, 0, 0, 0, 0, 0, 0, 0, 0, 0, 0, 0, 0, 0, 0, 0, 0, 0, 0, 0, 0, 0, 0,
0, 0, 0, 0, 0, 0, 0, 0, 0, 0, 0, 0, 0, 0, 0, 0, 0, 0, 0, 0, 0, 0, 0, 0, 0, 0, 0, 0, 0, 0, 0, 0, 0, 0, 0,
0, 0, 0, 0, 0, 0, 0, 0, 0, 0, 0, 0, 0, 0, 0, 0, 0, 0, 0, 0, 0, 0, 0, 0, 0, 0, 0, 0, 0, 0, 0, 0, 0, 0, 0,
0, 0, 0, 0, 0, 0, 0, 0, 0, 0, 0, 0, 0, 0, 0, 0, 0, 0, 0, 0, 0, 0, 0, 0, 0, 0, 0, 0, 0, 0, 0, 0, 0, 0, 0,
0, 0, 0, 0, 0, 0, 0, 0, 0, 0, 0, 0, 0, 0, 0, 0, 0, 0, 0, 0, 0, 0, 0, 0, 0, 0, 0, 0, 0, 0, 0, 0, 0, 0, 0,
0, 0, 0, 0, 0, 0, 0, 0, 0, 0, 0, 0, 0, 0, 0, 0, 0, 0, 0, 0, 0, 0, 0, 0, 0, 0, 0, 0, 0, 0, 0, 0, 0, 0, 0,
0, 0, 0, 0, 0, 0, 0, 0, 0, 0, 0, 0, 0, 0, 0, 0, 0, 0, 0, 0, 0, 0, 0, 0, 0, 0, 0, 0, 0, 0, 0, 0, 0, 0, 0,
0, 0, 0, 0, 0, 0, 0, 0, 0, 0, 0, 0, 0, 0, 0, 0, 0, 0, 0, 0, 0, 0, 0, 0, 0, 0, 0, 0, 0, 0, 0, 0, 0, 0, 0,
0, 0, 0, 0, 0, 0, 0, 0, 0, 0, 0, 0, 0, 0, 0, 0, 0, 0, 0, 0, 0, 0, 0, 0, 0, 0, 0, 0, 0, 0, 0, 0, 0, 0, 0,
0, 0, 0, 0, 0, 0, 0, 0, 0, 0, 0, 0, 0, 0, 0, 0, 0, 0, 0, 0, 0, 0, 0, 0, 0, 0, 0, 0, 0, 0, 0, 0, 0, 0, 0,
0, 0, 0, 0, 0, 0, 0, 0, 0, 0, 0, 0, 0, 0, 0, 0, 0, 0, 0, 0, 0, 0, 0, 0, 0, 0, 0, 0, 0, 0, 0, 0, 0, 0, 0,
0, 0, 0, 0, 0, 0, 0, 0, 0, 0, 0, 0, 0, 0, 0, 0, 0, 0, 0, 0, 0, 0, 0, 0, 0, 0, 0, 0, 0, 0, 0, 0, 0, 0, 0,
0, 0, 0, 0, 0, 0, 0, 0, 0, 0, 0, 0, 0, 0, 0, 0, 0, 0, 0, 0, 0, 0, 0, 0, 0, 0, 0, 0, 0, 0, 0, 0, 0, 0, 0,
0, 0, 0, 0, 0, 0, 0, 0, 0, 0, 0, 0, 0, 0, 0, 0, 0, 0, 0, 0, 0, 0, 0, 0, 0, 0, 0, 0, 0, 0, 0, 0, 0, 0, 0,
0, 0, 0, 0, 0, 0, 0, 0, 0, 0, 0, 0, 0, 0, 0, 0, 0, 0, 0, 0, 0, 0, 0, 0, 0, 0, 0, 0, 0, 0, 0, 0, 0, 0, 0,
0, 0, 0, 0, 0, 0, 0, 0, 0, 0, 0, 0, 0, 0, 0, 0, 0, 0, 0, 0, 0, 0, 0, 0, 0, 0, 0, 0, 0, 0, 0, 0, 0, 0, 0,
0, 0, 0, 0, 0, 0, 0, 0, 0, 0, 0, 0, 0, 0, 0, 0, 0, 0, 0, 0, 0, 0, 0, 0, 0, 0, 0, 0, 0, 0, 0, 0, 0, 0, 0,
0, 0, 0, 0, 0, 0, 0, 0, 0, 0, 0, 0, 0, 0, 0, 0, 0, 0, 0, 0, 0, 0, 0, 0, 0, 0, 0, 0, 0, 0, 0, 0, 0, 0, 0,
0, 0, 0, 0, 0, 0, 0, 0, 0, 0, 0, 0, 0, 0, 0, 0, 0, 0, 0, 0, 0, 0, 0, 0, 0, 0, 0, 0, 0, 0, 0, 0, 0, 0, 0,
0, 0, 0, 0, 0, 0, 0, 0, 0, 0, 0, 0, 0, 0, 0, 0, 0, 0, 0, 0, 0, 0, 0, 0, 0, 0, 0, 0, 0, 0, 0, 0, 0, 0, 0,
0, 0, 0, 0, 0, 0, 0, 0, 0, 0, 0, 0, 0, 0, 0, 0, 0, 0, 0, 0, 0, 0, 0, 0, 0, 0, 0, 0, 0, 0, 0, 0, 0, 0, 0,
0, 0, 0, 0, 0, 0, 0, 0, 0, 0, 0, 0, 0, 0, 0, 0, 0, 0, 0, 0, 0, 0, 0, 0, 0, 0, 0, 0, 0, 0, 0, 0, 0, 0, 0,
0, 0, 0, 0, 0, 0, 0, 0, 0, 0, 0, 0, 0, 0, 0, 0, 0, 0, 0, 0, 0, 0, 0, 0, 0, 0, 0, 0, 0, 0, 0, 0, 0, 0, 0,
0, 0, 0, 0, 0, 0, 0, 0, 0, 0, 0, 0, 0, 0, 0, 0, 0, 0, 0, 0, 0, 0, 0, 0, 0, 0, 0, 0, 0, 0, 0, 0, 0, 0, 0,
0, 0, 0, 0, 0, 0, 0, 0, 0, 0, 0, 0, 0, 0, 0, 0, 0, 0, 0, 0, 0, 0, 0, 0, 0, 0, 0, 0, 0, 0, 0, 0, 0, 0, 0,
0, 0, 0, 0, 0, 0, 0, 0, 0, 0, 0, 0, 0, 0, 0, 0, 0, 0, 0, 0, 0, 0, 0, 0, 0, 0, 0, 0, 0, 0, 0, 0, 0, 0, 0,
0, 0, 0, 0, 0, 0, 0, 0, 0, 0, 0, 0, 0, 0, 0, 0, 0, 0, 0, 0, 0, 0, 0, 0, 0, 0, 0, 0, 0, 0, 0, 0, 0, 0, 0,
0, 0, 0, 0, 0, 0, 0, 0, 0, 0, 0, 0, 0, 0, 0, 0, 0, 0, 0, 0, 0, 0, 0, 0, 0, 0, 0, 0, 0, 0, 0, 0, 0, 0, 0,
0, 0, 0, 0, 0, 0, 0, 0, 0, 0, 0, 0, 0, 0, 0, 0, 0, 0, 0, 0, 0, 0, 0, 0, 0, 0, 0, 0, 0, 0, 0, 0, 0, 0, 0,
0, 0, 0, 0, 0, 0, 0, 0, 0, 0, 0, 0, 0, 0, 0, 0, 0, 0, 0, 0, 0, 0, 0, 0, 0, 0, 0, 0, 0, 0, 0, 0, 0, 0, 0,
0, 0, 0, 0, 0, 0, 0, 0, 0, 0, 0, 0, 0, 0, 0, 0, 0, 0, 0, 0, 0, 0, 0, 0, 0, 0, 0, 0, 0, 0, 0, 0, 0, 0, 0,
0, 0, 0, 0, 0, 0, 0, 0, 0, 0, 0, 0, 0, 0, 0, 0, 0, 0, 0, 0, 0, 0, 0, 0, 0, 0, 0, 0, 0, 0, 0, 0, 0, 0, 0,
0, 0, 0, 0, 0, 0, 0, 0, 0, 0, 0, 0, 0, 0, 0, 0, 0, 0, 0, 0, 0, 0, 0, 0, 0, 0, 0, 0, 0, 0, 0, 0, 0, 0, 0,
0, 0, 0, 0, 0, 0, 0, 0, 0, 0, 0, 0, 0, 0, 0, 0, 0, 0, 0, 0, 0, 0, 0, 0, 0, 0, 0, 0, 0, 0, 0, 0, 0, 0, 0,
0, 0, 0, 0, 0, 0, 0, 0, 0, 0, 0, 0, 0, 0, 0, 0, 0, 0, 0, 0, 0, 0, 0, 0, 0, 0, 0, 0, 0, 0, 0, 0, 0, 0, 0,
0, 0, 0, 0, 0, 0, 0, 0, 0, 0, 0, 0, 0, 0, 0, 0, 0, 0, 0, 0, 0, 0, 0, 0, 0, 0, 0, 0, 0, 0, 0, 0, 0, 0, 0,
0, 0, 0, 0, 0, 0, 0, 0, 0, 0, 0, 0, 0, 0, 0, 0, 0, 0, 0, 0, 0, 0, 0, 0, 0, 0, 0, 0, 0, 0, 0, 0, 0, 0, 0,
0, 0, 0, 0, 0, 0, 0, 0, 0, 0, 0, 0, 0, 0, 0, 0, 0, 0, 0, 0, 0, 0, 0, 0, 0, 0, 0, 0, 0, 0, 0, 0, 0, 0, 0,
0, 0, 0, 0, 0, 0, 0, 0, 0, 0, 0, 0, 0, 0, 0, 0, 0, 0, 0, 0, 0, 0, 0, 0, 0, 0, 0, 0, 0, 0, 0, 0, 0, 0, 0,
0, 0, 0, 0, 0, 0, 0, 0, 0, 0, 0, 0, 0, 0, 0, 0, 0, 0, 0, 0, 0, 0, 0, 0, 0, 0, 0, 0, 0, 0, 0, 0, 0, 0, 0,
0, 0, 0, 0, 0, 0, 0, 0, 0, 0, 0, 0, 0, 0, 0, 0, 0, 0, 0, 0, 0, 0, 0, 0, 0, 0, 0, 0, 0, 0, 0, 0, 0, 0, 0,
0, 0, 0, 
print model ok!
start rec...
get noise again...
speeking...
frm_num=102
-72, 21, 11, 21, 16, 21, 18, 21, 21, 21, 19, 19, 166, 48, 66, 60, 53, -39, -66, 0, 4, -35, -15, -32, 196, 38, -8, 52, 36, -26, -17, 4, -21, -66, -43,
-16, 215, 91, 40, 27, 29, -45, -13, 1, -34, -9, -30, -16, 242, 66, 36, 7, 35, -41, -66, 33, -7, -34, -39, -17, 237, 88, 18, -7, 1, -18, -39, 35, 3, -65,
-19, -22, 135, 84, 51, 32, -3, -91, -16, 14, 21, -48, -15, 13, 36, 140, -34, 71, -4, -43, -57, 102, -13, -18, -31, -14, -15, 209, -65, 110, -92, -9, -52, 85, 15,
-13, -44, -38, -55, 249, -101, 61, -42, -14, -36, 25, 21, -3, -73, -17, -19, 228, -109, 28, -78, 3, -67, 45, 33, -21, -100, 0, 53, 249, -63, -80, -124, -7, -11, 63,
31, -53, -108, 14, 157, 140, -124, -104, -99, 27, 7, 68, 14, -103, -79, -6, 193, 21, -182, -83, -81, 17, 33, 53, -49, -59, -101, -18, 185, -68, -153, -63, -36, -2, 55,
1, -40, -85, -69, -4, 176, -103, -145, 64, -18, 6, 39, -23, -104, -67, -7, 7, 216, -178, -123, 35, 19, 11, 53, -17, -134, -56, -24, 4, 237, -201, -143, -8, 27, -16,
68, 29, -142, -22, -34, -20, 200, -181, -133, 21, -21, -25, 60, 52, -161, 15, -24, -56, 188, -193, -117, -19, -38, -7, 98, 35, -169, -22, -2, -25, 214, -212, -101, -23, -8,
-14, 74, 3, -138, -11, -1, -19, 195, -231, -98, 26, -24, 16, 53, -8, -155, -29, 28, -26, 193, -164, -112, 25, 23, 5, 69, -29, -173, 28, -22, -11, 289, -139, -143, -5,
42, 36, 47, -46, -80, -69, -17, 49, 299, -161, -147, -22, 11, -1, 132, -35, -166, -34, 8, 0, 267, -154, -108, -54, 16, -15, 65, 13, -80, -67, -22, 7, 270, -107, -37,
-25, -18, 28, 12, -9, -57, -45, 32, 1, 323, -76, -53, -59, -16, 23, 22, -23, -48, -7, -34, -58, 303, -26, -50, -122, -17, 72, 62, -14, -46, -36, -69, -60, 305, -71,
-47, -36, -10, 30, 39, -27, -70, -50, 0, -11, 314, -78, -37, -22, -8, -14, 22, -26, -80, -24, -22, -7, 313, -53, 1, 17, -43, -47, -4, 3, -63, -45, -11, -23, 342,
-40, -47, -34, -47, -33, 26, 23, -55, -41, -43, -67, 351, -28, -62, -37, -64, -32, 33, 52, -51, -89, -56, -15, 328, -22, -72, -41, -32, -11, -22, 9, -12, -84, -66, -27,
292, -31, -4, -44, -92, -58, 27, 50, -38, -84, -82, -24, 248, -69, -100, -111, -135, 9, 77, -7, -36, -60, -40, 19, 218, -35, -69, -125, -93, -45, 61, 25, -27, -53, -77,
15, 179, -39, 5, -55, -19, -36, 45, -47, -75, -50, -113, 48, 194, 19, -48, -67, -64, -29, -14, 33, -32, -11, -110, 12, 226, 44, -83, -86, -90, 0, 14, 72, -39, -37,
-110, 16, 230, 66, -55, -41, -68, 5, -1, 13, -65, -59, -116, 35, 251, 119, -68, -44, -125, 31, -13, 62, -50, -80, -114, 28, 174, 110, -65, 35, -76, 13, -20, 56, -32,
-39, -114, 4, 121, 134, -80, 50, -15, 25, -6, 63, -46, -45, -123, -16, 101, 162, -92, 40, -84, 52, -52, 38, -20, -34, -90, -24, 35, 121, -124, 81, -97, 78, -20, 16,
-33, -29, -56, -1, -39, 140, -192, -31, -63, 6, 22, 52, 23, 5, -11, 12, 35, 144, -119, 53, -39, 23, 0, 50, 24, -49, -21, 24, 134, 98, -96, 12, -19, 53, -9,
75, -6, -51, -59, -32, 178, 132, -25, -3, -37, -5, 31, 68, 5, -70, -56, -21, 110, 122, 11, 91, 4, 6, -34, 2, -28, -63, -21, -24, 143, 56, -38, 81, -23, -28,
-52, 32, -1, -21, 8, 21, 77, 34, -68, 45, -15, -19, -25, 21, -6, -13, -22, -23, 76, 40, 38, 92, 27, -26, -30, 45, -4, -55, 3, 1, -27, 66, -69, 127, -20,
29, 25, 22, -24, -32, -16, -24, -4, 57, -85, 32, -47, -3, -23, 52, 2, -26, -46, -1, 131, 132, -76, -142, -83, 2, -47, 68, 30, -58, -75, -12, 176, 60, -68, -183,
-68, -13, 21, 88, 17, -119, -86, 2, 200, 19, -87, -192, -35, 19, 14, 86, 19, -124, -76, -4, 206, -33, -70, -190, -1, 23, -9, 76, -6, -111, -86, 20, 226, -57, -55,
-96, 42, -18, 5, 16, -53, -87, -64, 43, 262, -3, -131, -155, 38, -9, 32, 29, 0, -76, -103, 20, 272, -1, -133, -179, -2, 8, 81, 17, -31, -72, -62, 7, 225, -5,
-71, -190, -2, 83, 24, -25, -38, -57, -54, 34, 229, -36, -43, -128, -19, 54, 89, -43, -88, -62, -25, 42, 238, -31, -36, -104, 7, 38, 60, -17, -53, -61, -33, 0, 279,
41, -71, -77, 34, -5, -7, 11, -15, -78, -61, 0, 306, 71, -50, -85, 46, 10, -54, -6, -29, -66, -59, 12, 297, 60, -48, -62, 41, -42, -13, 42, -53, -65, -71, -21,
319, 58, -11, -29, 4, -77, -18, 45, -20, -65, -100, -14, 310, 50, 16, -6, 62, -117, -59, 33, -50, -38, -78, -4, 312, 58, 18, -11, 43, -84, -71, 39, -23, -74, -73,
9, 340, 59, -34, -29, 30, -80, -14, 79, -43, -78, -84, -62, 375, -13, -95, -23, 58, -98, -6, 62, -32, -52, -94, -54, 361, -36, -119, 12, 86, -82, -57, 48, -18, -77,
-71, -17, 384, -68, -132, 7, 57, -67, -50, 51, -24, -86, -59, -31, 394, -79, -163, -38, 32, -44, -46, 61, -19, -82, -47, -41, 360, -64, -180, -54, 53, -52, -8, 51, -16,
-67, -44, -46, 363, -94, -183, -45, 50, -35, -37, 42, -17, -53, -42, -56, 346, -92, -202, -26, 50, -54, -16, 38, 0, -54, -34, -36, 349, -75, -221, -93, 52, -30, -23, 46,
-25, -46, -47, -49, 341, -31, -187, -124, 55, -49, -18, 54, -32, -37, -52, -49, 375, -23, -138, -120, 31, -57, -8, 42, -20, -24, -28, -56, 361, -3, -143, -65, 44, -64, -26,
27, -38, -32, -54, -36, 366, 5, -133, -85, 40, -37, -19, -6, -25, -44, -80, -54, 337, 24, -89, -71, 43, -57, -38, 17, -20, -27, -75, -42, 343, 25, -52, -61, 37, -87,
-22, 43, -51, -47, -40, -15, 332, 77, -61, -40, 54, -80, -42, 13, -58, -12, -43, -31, 329, 63, -42, -22, 39, -41, -34, 0, -110, -21, -6, 0, 335, 84, -48, -61, 85,
-44, -38, -20, -90, -5, -21, 0, 329, 88, -43, -30, 16, -83, 21, 23, -87, -43, -14, -8, 390, 60, -100, -114, 37, -49, 0, 20, -68, 0, -23, -51, 391, 87, -100, -135,
0, -12, -6, -7, -14, -4, -73, -27, 397, 60, -124, -152, 39, 12, -21, 17, -45, -23, -36, -34, 393, 70, -126, -141, 37, 1, 32, -5, -67, -35, -33, 4, 414, 44, -119,
-103, 48, 16, -11, 9, -54, -60, -20, 12, 441, 51, -115, -107, 45, 37, 0, -20, -45, -35, -39, -7, 444, 66, -144, -76, 61, 24, 18, 0, -67, -34, -30, -29, 424, 21,
-128, -22, 72, -27, 7, 15, -47, -53, -27, -13, 430, 29, -129, -47, 76, -26, -17, 8, -24, -38, -50, -17, 387, 21, -91, -72, 69, -80, -42, 92, -11, -57, -61, -39, 0,
0, 0, 0, 0, 0, 0, 0, 0, 0, 0, 0, 0, 0, 0, 0, 0, 0, 0, 0, 0, 0, 0, 0, 0, 0, 0, 0, 0, 0, 0, 0, 0, 0, 0, 0,
0, 0, 0, 0, 0, 0, 0, 0, 0, 0, 0, 0, 0, 0, 0, 0, 0, 0, 0, 0, 0, 0, 0, 0, 0, 0, 0, 0, 0, 0, 0, 0, 0, 0, 0,
0, 0, 0, 0, 0, 0, 0, 0, 0, 0, 0, 0, 0, 0, 0, 0, 0, 0, 0, 0, 0, 0, 0, 0, 0, 0, 0, 0, 0, 0, 0, 0, 0, 0, 0,
0, 0, 0, 0, 0, 0, 0, 0, 0, 0, 0, 0, 0, 0, 0, 0, 0, 0, 0, 0, 0, 0, 0, 0, 0, 0, 0, 0, 0, 0, 0, 0, 0, 0, 0,
0, 0, 0, 0, 0, 0, 0, 0, 0, 0, 0, 0, 0, 0, 0, 0, 0, 0, 0, 0, 0, 0, 0, 0, 0, 0, 0, 0, 0, 0, 0, 0, 0, 0, 0,
0, 0, 0, 0, 0, 0, 0, 0, 0, 0, 0, 0, 0, 0, 0, 0, 0, 0, 0, 0, 0, 0, 0, 0, 0, 0, 0, 0, 0, 0, 0, 0, 0, 0, 0,
0, 0, 0, 0, 0, 0, 0, 0, 0, 0, 0, 0, 0, 0, 0, 0, 0, 0, 0, 0, 0, 0, 0, 0, 0, 0, 0, 0, 0, 0, 0, 0, 0, 0, 0,
0, 0, 0, 0, 0, 0, 0, 0, 0, 0, 0, 0, 0, 0, 0, 0, 0, 0, 0, 0, 0, 0, 0, 0, 0, 0, 0, 0, 0, 0, 0, 0, 0, 0, 0,
0, 0, 0, 0, 0, 0, 0, 0, 0, 0, 0, 0, 0, 0, 0, 0, 0, 0, 0, 0, 0, 0, 0, 0, 0, 0, 0, 0, 0, 0, 0, 0, 0, 0, 0,
0, 0, 0, 0, 0, 0, 0, 0, 0, 0, 0, 0, 0, 0, 0, 0, 0, 0, 0, 0, 0, 0, 0, 0, 0, 0, 0, 0, 0, 0, 0, 0, 0, 0, 0,
0, 0, 0, 0, 0, 0, 0, 0, 0, 0, 0, 0, 0, 0, 0, 0, 0, 0, 0, 0, 0, 0, 0, 0, 0, 0, 0, 0, 0, 0, 0, 0, 0, 0, 0,
0, 0, 0, 0, 0, 0, 0, 0, 0, 0, 0, 0, 0, 0, 0, 0, 0, 0, 0, 0, 0, 0, 0, 0, 0, 0, 0, 0, 0, 0, 0, 0, 0, 0, 0,
0, 0, 0, 0, 0, 0, 0, 0, 0, 0, 0, 0, 0, 0, 0, 0, 0, 0, 0, 0, 0, 0, 0, 0, 0, 0, 0, 0, 0, 0, 0, 0, 0, 0, 0,
0, 0, 0, 0, 0, 0, 0, 0, 0, 0, 0, 0, 0, 0, 0, 0, 0, 0, 0, 0, 0, 0, 0, 0, 0, 0, 0, 0, 0, 0, 0, 0, 0, 0, 0,
0, 0, 0, 0, 0, 0, 0, 0, 0, 0, 0, 0, 0, 0, 0, 0, 0, 0, 0, 0, 0, 0, 0, 0, 0, 0, 0, 0, 0, 0, 0, 0, 0, 0, 0,
0, 0, 0, 0, 0, 0, 0, 0, 0, 0, 0, 0, 0, 0, 0, 0, 0, 0, 0, 0, 0, 0, 0, 0, 0, 0, 0, 0, 0, 0, 0, 0, 0, 0, 0,
0, 0, 0, 0, 0, 0, 0, 0, 0, 0, 0, 0, 0, 0, 0, 0, 0, 0, 0, 0, 0, 0, 0, 0, 0, 0, 0, 0, 0, 0, 0, 0, 0, 0, 0,
0, 0, 0, 0, 0, 0, 0, 0, 0, 0, 0, 0, 0, 0, 0, 0, 0, 0, 0, 0, 0, 0, 0, 0, 0, 0, 0, 0, 0, 0, 0, 0, 0, 0, 0,
0, 0, 0, 0, 0, 0, 0, 0, 0, 0, 0, 0, 0, 0, 0, 0, 0, 0, 0, 0, 0, 0, 0, 0, 0, 0, 0, 0, 0, 0, 0, 0, 0, 0, 0,
0, 0, 0, 0, 0, 0, 0, 0, 0, 0, 0, 0, 0, 0, 0, 0, 0, 0, 0, 0, 0, 0, 0, 0, 0, 0, 0, 0, 0, 0, 0, 0, 0, 0, 0,
0, 0, 0, 0, 0, 0, 0, 0, 0, 0, 0, 0, 0, 0, 0, 0, 0, 0, 0, 0, 0, 0, 0, 0, 0, 0, 0, 0, 0, 0, 0, 0, 0, 0, 0,
0, 0, 0, 0, 0, 0, 0, 0, 0, 0, 0, 0, 0, 0, 0, 0, 0, 0, 0, 0, 0, 0, 0, 0, 0, 0, 0, 0, 0, 0, 0, 0, 0, 0, 0,
0, 0, 0, 0, 0, 0, 0, 0, 0, 0, 0, 0, 0, 0, 0, 0, 0, 0, 0, 0, 0, 0, 0, 0, 0, 0, 0, 0, 0, 0, 0, 0, 0, 0, 0,
0, 0, 0, 0, 0, 0, 0, 0, 0, 0, 0, 0, 0, 0, 0, 0, 0, 0, 0, 0, 0, 0, 0, 0, 0, 0, 0, 0, 0, 0, 0, 0, 0, 0, 0,
0, 0, 0, 0, 0, 0, 0, 0, 0, 0, 0, 0, 0, 0, 0, 0, 0, 0, 0, 0, 0, 0, 0, 0, 0, 0, 0, 0, 0, 0, 0, 0, 0, 0, 0,
0, 0, 0, 0, 0, 0, 0, 0, 0, 0, 0, 0, 0, 0, 0, 0, 0, 0, 0, 0, 0, 0, 0, 0, 0, 0, 0, 0, 0, 0, 0, 0, 0, 0, 0,
0, 0, 0, 0, 0, 0, 0, 0, 0, 0, 0, 0, 0, 0, 0, 0, 0, 0, 0, 0, 0, 0, 0, 0, 0, 0, 0, 0, 0, 0, 0, 0, 0, 0, 0,
0, 0, 0, 0, 0, 0, 0, 0, 0, 0, 0, 0, 0, 0, 0, 0, 0, 0, 0, 0, 0, 0, 0, 0, 0, 0, 0, 0, 0, 0, 0, 0, 0, 0, 0,
0, 0, 0, 0, 0, 0, 0, 0, 0, 0, 0, 0, 0, 0, 0, 0, 0, 0, 0, 0, 0, 0, 0, 0, 0, 0, 0, 0, 0, 0, 0, 0, 0, 0, 0,
0, 0, 0, 0, 0, 0, 0, 0, 0, 0, 0, 0, 0, 0, 0, 0, 0, 0, 0, 0, 0, 0, 0, 0, 0, 0, 0, 0, 0, 0, 0, 0, 0, 0, 0,
0, 0, 0, 0, 0, 0, 0, 0, 0, 0, 0, 0, 0, 0, 0, 0, 0, 0, 0, 0, 0, 0, 0, 0, 0, 0, 0, 0, 0, 0, 0, 0, 0, 0, 0,
0, 0, 0, 0, 0, 0, 0, 0, 0, 0, 0, 0, 0, 0, 0, 0, 0, 0, 0, 0, 0, 0, 0, 0, 0, 0, 0, 0, 0, 0, 0, 0, 0, 0, 0,
0, 0, 0, 0, 0, 0, 0, 0, 0, 0, 0, 0, 0, 0, 0, 0, 0, 0, 0, 0, 0, 0, 0, 0, 0, 0, 0, 0, 0, 0, 0, 0, 0, 0, 0,
0, 0, 0, 0, 0, 0, 0, 0, 0, 0, 0, 0, 0, 0, 0, 0, 0, 0, 0, 0, 0, 0, 0, 0, 0, 0, 0, 0, 0, 0, 0, 0, 0, 0, 0,
0, 0, 0, 0, 0, 0, 0, 0, 0, 0, 0, 0, 0, 0, 0, 0, 0, 0, 0, 0, 0, 0, 0, 0, 0, 0, 0, 0, 0, 0, 0, 0, 0, 0, 0,
0, 0, 0, 0, 0, 0, 0, 0, 0, 0, 0, 0, 0, 0, 0, 0, 0, 0, 0, 0, 0, 0, 0, 0, 0, 0, 0, 0, 0, 0, 0, 0, 0, 0, 0,
0, 0, 0, 0, 0, 0, 0, 0, 0, 0, 0, 0, 0, 0, 0, 0, 0, 0, 0, 0, 0, 0, 0, 0, 0, 0, 0, 0, 0, 0, 0, 0, 0, 0, 0,
0, 0, 0, 0, 0, 0, 0, 0, 0, 0, 0, 0, 0, 0, 0, 0, 0, 0, 0, 0, 0, 0, 0, 0, 0, 0, 0, 0, 0, 0, 0, 0, 0, 0, 0,
0, 0, 0, 0, 0, 0, 0, 0, 0, 0, 0, 0, 0, 0, 0, 0, 0, 0, 0, 0, 0, 0, 0, 0, 0, 0, 0, 0, 0, 0, 0, 0, 0, 0, 0,
0, 0, 0, 0, 0, 0, 0, 0, 0, 0, 0, 0, 0, 0, 0, 0, 0, 0, 0, 0, 0, 0, 0, 0, 0, 0, 0, 0, 0, 0, 0, 0, 0, 0, 0,
0, 0, 0, 
print model ok!
start rec...
get noise again...
speeking...
frm_num=81
-73, 35, 20, 34, 26, 34, 29, 34, 31, 34, 29, 31, 38, 232, -111, -10, -67, 8, -30, 51, 30, -12, -81, 21, 161, 121, -92, -133, -38, -26, -19, 105, 14, -83, -110,
38, 156, 28, -101, -123, -72, 14, 25, 76, -77, -51, -106, 44, 150, -69, -44, -123, -24, -38, 75, 26, -95, -24, -55, 61, 176, -143, -95, -125, -35, -26, 73, -6, -116, -39,
-32, 78, 220, -207, -132, -80, -18, 34, 31, 55, -112, -68, 37, 36, 174, -296, -163, -54, 51, 7, 27, 14, -165, -33, 1, -5, 159, -264, -209, -24, 51, -32, 126, 41, -126,
40, -34, -35, 157, -288, -120, -21, -9, -78, 122, 66, -155, 44, -24, -14, 183, -244, -122, 5, -6, -68, 126, 56, -80, -3, 11, -56, 209, -300, -75, -12, -4, -4, 142, 17,
-126, -13, -6, -54, 194, -286, -61, -4, 34, -45, 83, 4, -174, 24, 23, -55, 209, -201, -136, -66, 30, -19, 86, -18, -119, -6, -41, -26, 191, -188, -68, -43, 32, -45, 173,
-1, -109, -48, -41, -27, 207, -172, -96, -29, -18, -16, 133, 1, -77, -65, -30, -17, 163, -175, 0, -12, 23, -22, 64, -21, -77, -43, -37, 39, 187, -135, 17, -17, 1, 30,
74, 4, -108, -78, -27, 7, 250, -57, -30, -55, -2, -4, 68, -11, -70, 26, -15, -45, 217, -98, -43, -47, -2, 44, 89, -7, -106, -20, 0, -60, 246, -47, -62, -93, 30,
34, 44, -20, -35, -44, -15, 17, 238, -110, -116, -57, 28, 7, 42, 32, -86, -66, 21, 29, 181, -98, -94, -95, 17, 7, 23, 52, -62, -26, 47, 37, 190, -159, -177, -132,
-31, 8, 39, 67, 28, 22, 31, 52, 191, -140, -77, -96, -91, -80, 45, 74, 9, 15, 12, 24, 277, -129, -115, -79, -96, -48, 63, 22, -31, 1, -2, -32, 278, -100, -56,
-115, -55, -28, 36, 39, -9, -42, -39, -25, 313, -84, -22, -142, -73, -16, 30, 2, -57, -45, -40, 34, 271, -32, -6, -129, -115, -10, 6, 22, -37, -16, -36, 12, 253, -71,
-8, -166, -143, -55, 10, -22, -35, -7, -41, 26, 217, -54, -13, -174, -116, -50, 14, -12, 5, 61, -46, 29, 194, 5, -54, -142, -135, -52, 4, 24, -26, 41, -74, 77, 213,
70, -4, -127, -122, -81, 60, 44, -46, -1, -90, 23, 244, 41, -86, -80, -78, -1, 43, 67, -31, -28, -90, -21, 235, 96, -142, -73, -129, 46, 7, 80, -26, -27, -71, 22,
182, 136, -108, -88, -89, 38, 1, 115, -27, -32, -99, 28, 157, 143, -167, 0, -41, 35, 22, 100, -52, -33, -84, 26, 116, 158, -142, 10, -56, 44, 23, 90, -29, -76, -29,
-2, 50, 126, -96, -19, -37, 35, -22, 117, 40, -27, -86, 4, -11, 71, -195, -1, -106, -14, 2, 149, 37, 41, -28, 80, 22, 70, -199, -44, -104, 14, -17, 126, 34, 66,
-6, 20, 74, 61, -64, 22, -61, 3, -7, 64, 12, 25, 5, 21, 85, 92, -23, 48, -85, 8, -33, 45, 5, -37, -18, 30, 93, 54, -31, 60, -37, 15, -35, 45, -19,
-66, -57, 37, 82, 31, -47, 67, -11, 13, -36, 77, -30, -59, -39, 33, 74, 66, -55, 36, -72, 8, -29, 36, -9, -34, -22, 43, -30, 50, 18, -25, -20, 10, -17, 132,
42, -40, -74, 35, 102, 145, -30, -135, -51, -22, -26, 107, 15, -74, -86, -4, 227, 100, -124, -153, -69, -45, 35, 93, 9, -92, -99, 29, 235, 57, -115, -227, -14, -1, 36,
59, 29, -89, -96, 25, 228, 19, -119, -215, 19, 13, 71, 54, -1, -87, -71, 14, 188, -47, -64, -197, 35, 30, 59, 78, -77, -92, -83, -10, 197, -21, -68, -183, 25, 23,
12, 48, -42, -52, -32, 7, 205, -71, -26, -195, 7, 39, -63, 39, 33, -94, -45, 18, 234, -43, -35, -204, 13, 73, 8, 96, 3, -105, -69, -61, 239, 7, -32, -160, 43,
36, -52, 90, -14, -95, -70, -7, 271, -30, -28, -128, 1, 1, 16, 115, -38, -101, -56, -17, 247, 52, 29, -114, 2, 11, 16, 117, -59, -135, -84, 34, 212, 41, 66, -79,
17, 8, -27, 106, -9, -104, -71, 9, 265, 68, 10, -119, 1, -48, 0, 87, -21, -81, -37, 32, 278, 46, -2, -125, 45, -5, -13, 48, -48, -62, -29, 45, 303, 58, -18,
-141, 34, 20, -21, 55, -5, -73, -63, 40, 259, 69, -30, -143, 32, -1, 24, 55, -64, -62, -10, 21, 282, 20, -18, -79, 43, -24, -19, 49, -13, -25, -77, -40, 319, 4,
-88, -88, 52, -40, -20, 44, -8, -71, -70, 19, 321, -5, -121, -69, 100, -11, -43, 48, 10, -53, -85, 14, 387, -21, -125, -55, 72, -20, -33, 51, -14, -20, -61, -35, 388,
-37, -104, -66, 77, -30, -64, 51, 11, -67, -44, 5, 413, -11, -122, -109, 66, -9, -10, 42, -36, -27, -57, -28, 410, 5, -136, -94, 95, -16, -17, 39, -42, -37, -69, -17,
426, 23, -149, -91, 96, 47, -27, 38, -31, -39, -90, -44, 414, 23, -128, -67, 107, -27, 11, 60, -29, -57, -76, -30, 390, 47, -105, -62, 72, -51, 8, 59, -21, -64, -52,
-42, 376, 105, -64, -100, 27, -36, 39, 29, -31, -25, -57, -44, 410, 53, -71, -53, 115, -102, -19, 40, -28, -36, -82, -12, 384, 93, -37, -7, 80, -79, -19, -30, -17, -15,
-53, -5, 357, 58, -28, -23, 86, -66, -46, 19, -39, -47, -19, -34, 389, 68, -43, -50, 92, -53, -33, 5, -29, -28, -49, -21, 391, 79, -25, -82, 110, -38, -41, -15, -52,
8, -51, -28, 365, 103, -29, -7, 63, -36, -56, -9, -3, -33, -32, -39, 361, 111, 13, -12, 68, -61, -51, 11, -40, -61, -17, 6, 0, 0, 0, 0, 0, 0, 0, 0,
0, 0, 0, 0, 0, 0, 0, 0, 0, 0, 0, 0, 0, 0, 0, 0, 0, 0, 0, 0, 0, 0, 0, 0, 0, 0, 0, 0, 0, 0, 0, 0, 0, 0, 0,
0, 0, 0, 0, 0, 0, 0, 0, 0, 0, 0, 0, 0, 0, 0, 0, 0, 0, 0, 0, 0, 0, 0, 0, 0, 0, 0, 0, 0, 0, 0, 0, 0, 0, 0,
0, 0, 0, 0, 0, 0, 0, 0, 0, 0, 0, 0, 0, 0, 0, 0, 0, 0, 0, 0, 0, 0, 0, 0, 0, 0, 0, 0, 0, 0, 0, 0, 0, 0, 0,
0, 0, 0, 0, 0, 0, 0, 0, 0, 0, 0, 0, 0, 0, 0, 0, 0, 0, 0, 0, 0, 0, 0, 0, 0, 0, 0, 0, 0, 0, 0, 0, 0, 0, 0,
0, 0, 0, 0, 0, 0, 0, 0, 0, 0, 0, 0, 0, 0, 0, 0, 0, 0, 0, 0, 0, 0, 0, 0, 0, 0, 0, 0, 0, 0, 0, 0, 0, 0, 0,
0, 0, 0, 0, 0, 0, 0, 0, 0, 0, 0, 0, 0, 0, 0, 0, 0, 0, 0, 0, 0, 0, 0, 0, 0, 0, 0, 0, 0, 0, 0, 0, 0, 0, 0,
0, 0, 0, 0, 0, 0, 0, 0, 0, 0, 0, 0, 0, 0, 0, 0, 0, 0, 0, 0, 0, 0, 0, 0, 0, 0, 0, 0, 0, 0, 0, 0, 0, 0, 0,
0, 0, 0, 0, 0, 0, 0, 0, 0, 0, 0, 0, 0, 0, 0, 0, 0, 0, 0, 0, 0, 0, 0, 0, 0, 0, 0, 0, 0, 0, 0, 0, 0, 0, 0,
0, 0, 0, 0, 0, 0, 0, 0, 0, 0, 0, 0, 0, 0, 0, 0, 0, 0, 0, 0, 0, 0, 0, 0, 0, 0, 0, 0, 0, 0, 0, 0, 0, 0, 0,
0, 0, 0, 0, 0, 0, 0, 0, 0, 0, 0, 0, 0, 0, 0, 0, 0, 0, 0, 0, 0, 0, 0, 0, 0, 0, 0, 0, 0, 0, 0, 0, 0, 0, 0,
0, 0, 0, 0, 0, 0, 0, 0, 0, 0, 0, 0, 0, 0, 0, 0, 0, 0, 0, 0, 0, 0, 0, 0, 0, 0, 0, 0, 0, 0, 0, 0, 0, 0, 0,
0, 0, 0, 0, 0, 0, 0, 0, 0, 0, 0, 0, 0, 0, 0, 0, 0, 0, 0, 0, 0, 0, 0, 0, 0, 0, 0, 0, 0, 0, 0, 0, 0, 0, 0,
0, 0, 0, 0, 0, 0, 0, 0, 0, 0, 0, 0, 0, 0, 0, 0, 0, 0, 0, 0, 0, 0, 0, 0, 0, 0, 0, 0, 0, 0, 0, 0, 0, 0, 0,
0, 0, 0, 0, 0, 0, 0, 0, 0, 0, 0, 0, 0, 0, 0, 0, 0, 0, 0, 0, 0, 0, 0, 0, 0, 0, 0, 0, 0, 0, 0, 0, 0, 0, 0,
0, 0, 0, 0, 0, 0, 0, 0, 0, 0, 0, 0, 0, 0, 0, 0, 0, 0, 0, 0, 0, 0, 0, 0, 0, 0, 0, 0, 0, 0, 0, 0, 0, 0, 0,
0, 0, 0, 0, 0, 0, 0, 0, 0, 0, 0, 0, 0, 0, 0, 0, 0, 0, 0, 0, 0, 0, 0, 0, 0, 0, 0, 0, 0, 0, 0, 0, 0, 0, 0,
0, 0, 0, 0, 0, 0, 0, 0, 0, 0, 0, 0, 0, 0, 0, 0, 0, 0, 0, 0, 0, 0, 0, 0, 0, 0, 0, 0, 0, 0, 0, 0, 0, 0, 0,
0, 0, 0, 0, 0, 0, 0, 0, 0, 0, 0, 0, 0, 0, 0, 0, 0, 0, 0, 0, 0, 0, 0, 0, 0, 0, 0, 0, 0, 0, 0, 0, 0, 0, 0,
0, 0, 0, 0, 0, 0, 0, 0, 0, 0, 0, 0, 0, 0, 0, 0, 0, 0, 0, 0, 0, 0, 0, 0, 0, 0, 0, 0, 0, 0, 0, 0, 0, 0, 0,
0, 0, 0, 0, 0, 0, 0, 0, 0, 0, 0, 0, 0, 0, 0, 0, 0, 0, 0, 0, 0, 0, 0, 0, 0, 0, 0, 0, 0, 0, 0, 0, 0, 0, 0,
0, 0, 0, 0, 0, 0, 0, 0, 0, 0, 0, 0, 0, 0, 0, 0, 0, 0, 0, 0, 0, 0, 0, 0, 0, 0, 0, 0, 0, 0, 0, 0, 0, 0, 0,
0, 0, 0, 0, 0, 0, 0, 0, 0, 0, 0, 0, 0, 0, 0, 0, 0, 0, 0, 0, 0, 0, 0, 0, 0, 0, 0, 0, 0, 0, 0, 0, 0, 0, 0,
0, 0, 0, 0, 0, 0, 0, 0, 0, 0, 0, 0, 0, 0, 0, 0, 0, 0, 0, 0, 0, 0, 0, 0, 0, 0, 0, 0, 0, 0, 0, 0, 0, 0, 0,
0, 0, 0, 0, 0, 0, 0, 0, 0, 0, 0, 0, 0, 0, 0, 0, 0, 0, 0, 0, 0, 0, 0, 0, 0, 0, 0, 0, 0, 0, 0, 0, 0, 0, 0,
0, 0, 0, 0, 0, 0, 0, 0, 0, 0, 0, 0, 0, 0, 0, 0, 0, 0, 0, 0, 0, 0, 0, 0, 0, 0, 0, 0, 0, 0, 0, 0, 0, 0, 0,
0, 0, 0, 0, 0, 0, 0, 0, 0, 0, 0, 0, 0, 0, 0, 0, 0, 0, 0, 0, 0, 0, 0, 0, 0, 0, 0, 0, 0, 0, 0, 0, 0, 0, 0,
0, 0, 0, 0, 0, 0, 0, 0, 0, 0, 0, 0, 0, 0, 0, 0, 0, 0, 0, 0, 0, 0, 0, 0, 0, 0, 0, 0, 0, 0, 0, 0, 0, 0, 0,
0, 0, 0, 0, 0, 0, 0, 0, 0, 0, 0, 0, 0, 0, 0, 0, 0, 0, 0, 0, 0, 0, 0, 0, 0, 0, 0, 0, 0, 0, 0, 0, 0, 0, 0,
0, 0, 0, 0, 0, 0, 0, 0, 0, 0, 0, 0, 0, 0, 0, 0, 0, 0, 0, 0, 0, 0, 0, 0, 0, 0, 0, 0, 0, 0, 0, 0, 0, 0, 0,
0, 0, 0, 0, 0, 0, 0, 0, 0, 0, 0, 0, 0, 0, 0, 0, 0, 0, 0, 0, 0, 0, 0, 0, 0, 0, 0, 0, 0, 0, 0, 0, 0, 0, 0,
0, 0, 0, 0, 0, 0, 0, 0, 0, 0, 0, 0, 0, 0, 0, 0, 0, 0, 0, 0, 0, 0, 0, 0, 0, 0, 0, 0, 0, 0, 0, 0, 0, 0, 0,
0, 0, 0, 0, 0, 0, 0, 0, 0, 0, 0, 0, 0, 0, 0, 0, 0, 0, 0, 0, 0, 0, 0, 0, 0, 0, 0, 0, 0, 0, 0, 0, 0, 0, 0,
0, 0, 0, 0, 0, 0, 0, 0, 0, 0, 0, 0, 0, 0, 0, 0, 0, 0, 0, 0, 0, 0, 0, 0, 0, 0, 0, 0, 0, 0, 0, 0, 0, 0, 0,
0, 0, 0, 0, 0, 0, 0, 0, 0, 0, 0, 0, 0, 0, 0, 0, 0, 0, 0, 0, 0, 0, 0, 0, 0, 0, 0, 0, 0, 0, 0, 0, 0, 0, 0,
0, 0, 0, 0, 0, 0, 0, 0, 0, 0, 0, 0, 0, 0, 0, 0, 0, 0, 0, 0, 0, 0, 0, 0, 0, 0, 0, 0, 0, 0, 0, 0, 0, 0, 0,
0, 0, 0, 0, 0, 0, 0, 0, 0, 0, 0, 0, 0, 0, 0, 0, 0, 0, 0, 0, 0, 0, 0, 0, 0, 0, 0, 0, 0, 0, 0, 0, 0, 0, 0,
0, 0, 0, 0, 0, 0, 0, 0, 0, 0, 0, 0, 0, 0, 0, 0, 0, 0, 0, 0, 0, 0, 0, 0, 0, 0, 0, 0, 0, 0, 0, 0, 0, 0, 0,
0, 0, 0, 0, 0, 0, 0, 0, 0, 0, 0, 0, 0, 0, 0, 0, 0, 0, 0, 0, 0, 0, 0, 0, 0, 0, 0, 0, 0, 0, 0, 0, 0, 0, 0,
0, 0, 0, 0, 0, 0, 0, 0, 0, 0, 0, 0, 0, 0, 0, 0, 0, 0, 0, 0, 0, 0, 0, 0, 0, 0, 0, 0, 0, 0, 0, 0, 0, 0, 0,
0, 0, 0, 0, 0, 0, 0, 0, 0, 0, 0, 0, 0, 0, 0, 0, 0, 0, 0, 0, 0, 0, 0, 0, 0, 0, 0, 0, 0, 0, 0, 0, 0, 0, 0,
0, 0, 0, 0, 0, 0, 0, 0, 0, 0, 0, 0, 0, 0, 0, 0, 0, 0, 0, 0, 0, 0, 0, 0, 0, 0, 0, 0, 0, 0, 0, 0, 0, 0, 0,
0, 0, 0, 0, 0, 0, 0, 0, 0, 0, 0, 0, 0, 0, 0, 0, 0, 0, 0, 0, 0, 0, 0, 0, 0, 0, 0, 0, 0, 0, 0, 0, 0, 0, 0,
0, 0, 0, 0, 0, 0, 0, 0, 0, 0, 0, 0, 0, 0, 0, 0, 0, 0, 0, 0, 0, 0, 0, 0, 0, 0, 0, 0, 0, 0, 0, 0, 0, 0, 0,
0, 0, 0, 0, 0, 0, 0, 0, 0, 0, 0, 0, 0, 0, 0, 0, 0, 0, 0, 0, 0, 0, 0, 0, 0, 0, 0, 0, 0, 0, 0, 0, 0, 0, 0,
0, 0, 0, 0, 0, 0, 0, 0, 0, 0, 0, 0, 0, 0, 0, 0, 0, 0, 0, 0, 0, 0, 0, 0, 0, 0, 0, 0, 0, 0, 0, 0, 0, 0, 0,
0, 0, 0, 0, 0, 0, 0, 0, 0, 0, 0, 0, 0, 0, 0, 0, 0, 0, 0, 0, 0, 0, 0, 0, 0, 0, 0, 0, 0, 0, 0, 0, 0, 0, 0,
0, 0, 0, 0, 0, 0, 0, 0, 0, 0, 0, 0, 0, 0, 0, 0, 0, 0, 0, 0, 0, 0, 0, 0, 0, 0, 0, 0, 0, 0, 0, 0, 0, 0, 0,
0, 0, 0, 
print model ok!
start rec...
get noise again...
speeking...
frm_num=103
-79, 26, 15, 26, 20, 25, 22, 26, 25, 26, 23, 24, 159, 8, 45, 53, 77, -65, -71, 16, -18, -65, -8, 16, 145, 58, 63, 65, 67, -51, -77, -3, 22, -19, -37,
-21, 166, 70, 31, 105, 69, -72, -84, 75, 29, -62, -65, -22, 163, 46, 5, 67, 82, -53, -53, 76, 25, -58, -36, -27, 173, 36, 4, 63, 42, -20, -36, 21, 17, -30,
-15, -32, 58, 77, -20, 75, 9, -1, -80, 38, 52, -6, -16, -22, -78, 136, -45, 104, 0, 29, -22, 90, 16, -19, -8, -11, -112, 163, -54, 82, 54, 49, -82, 35, 47,
0, -58, -7, -43, 166, -47, 76, -2, -4, -54, 11, 39, 3, -70, 18, 39, 188, -88, -45, -70, 0, -90, 66, 57, -33, -113, 29, 178, 171, -85, -160, -67, -34, 7, 82,
19, -107, -71, 10, 194, 40, -139, -161, -108, 13, 68, 33, -31, -88, -84, -1, 206, -44, -170, -116, -80, 32, 40, -5, -26, -66, -84, 7, 215, -138, -154, -69, -29, 14, 37,
-37, -73, -77, -29, -45, 223, -191, -156, 1, 0, 67, 66, 5, -146, -41, 2, -52, 247, -226, -155, -37, -28, -25, 57, 32, -148, -25, -4, -37, 238, -222, -130, 73, -47, -66,
107, -16, -165, 3, 53, -3, 213, -227, -135, 50, -2, -57, 63, 12, -119, -14, 26, -52, 193, -219, -98, 79, 51, -53, 8, 7, -120, -9, 13, -38, 238, -175, -145, 21, 80,
-26, 24, 12, -89, -22, 10, -54, 247, -130, -157, -27, 71, -37, 54, 12, -86, -35, -32, -47, 263, -166, -78, -30, -9, -64, 117, 34, -146, -56, -27, 2, 288, -115, -80, -118,
9, -10, 61, 11, -102, -64, -38, -20, 257, -123, -33, -37, -31, -13, 74, 10, -131, -43, 21, -46, 251, -115, -41, -57, 34, 1, 36, -14, -98, -63, 16, 5, 258, -118, -11,
-10, 8, -43, -22, 23, -75, -55, 47, -11, 335, -77, -88, -13, -21, -27, -28, -2, -49, 15, -31, -35, 284, -102, -2, -3, -30, -86, -9, 41, -50, -52, 23, -16, 305, -91,
-44, 18, -47, -63, -7, 43, -32, -15, -23, -57, 334, -93, -77, -8, -54, -4, 23, 48, -73, -74, 10, -8, 342, -30, -74, 4, -63, -40, 61, 12, -84, -20, -6, -5, 294,
-50, 6, 2, -82, -101, 6, 44, -48, -6, -4, -41, 335, -92, -9, 2, -45, -112, -2, 55, -33, -6, -19, -60, 360, -98, -25, -68, -76, -30, -10, 62, -33, -66, -35, -47,
391, -36, -92, -97, -85, -21, 45, 20, -39, -53, -42, -51, 312, -32, -43, -149, -68, -20, 54, 22, -57, -69, -57, -43, 290, -37, -90, -120, -69, -62, 19, 27, -16, -66, -41,
2, 261, -64, -119, -147, -87, -96, 23, 22, 15, -25, -26, 47, 225, 3, -96, -160, -80, -65, 45, -3, -9, 25, -28, 37, 207, 26, -82, -109, -16, -46, 10, 39, -20, -9,
-90, -16, 272, 66, -116, -104, -83, -53, 19, 97, -38, -31, -97, -3, 231, 23, -90, -30, -84, -57, -9, 70, -71, -37, -25, 24, 120, 95, -114, -31, -66, 41, 4, 108, -18,
1, -93, 25, 130, 48, -116, -5, -93, 60, -64, 86, -7, -25, -46, 49, 36, 56, -92, 13, -126, 10, -16, 87, -9, -32, -6, 47, -1, 105, -124, -9, -97, 29, 0, 60,
9, 32, -34, 4, -23, 131, -157, 35, -59, 53, -31, 49, 26, 16, -26, 7, -2, 112, -252, 20, -47, 38, -15, 44, 50, 14, 59, 58, 53, 105, -181, 72, -16, 2, 8,
92, -17, -54, -3, -54, 80, 130, -56, 50, -51, -19, -10, 56, -31, -43, -42, 2, 31, 122, -68, 65, -55, -16, -50, 9, -40, -9, -80, -10, 62, 57, -64, 74, -40, 0,
-64, -3, 29, -48, -70, 16, 53, 66, -75, 45, -48, 2, -12, 82, 27, 27, 15, 13, -152, 47, -82, 4, -41, -54, 6, 81, 38, 10, 27, 50, -43, 93, -93, -8, -62,
20, -62, 50, 37, -19, -47, 23, 152, 108, -130, -129, -108, -80, -35, 122, 28, -52, -74, -3, 174, 118, -150, -206, -75, -71, 14, 75, 40, -50, -96, -9, 157, 63, -139, -217,
-70, 6, 21, 107, -12, -93, -82, -33, 184, 55, -121, -207, 0, -19, 8, 59, 19, -74, -79, -6, 117, 68, 5, -184, -19, 3, -28, 17, -11, -62, -40, 27, 104, 66, 5,
-195, 31, 43, 5, 45, 0, -61, -51, -41, 140, 81, -42, -201, -11, 33, -27, 33, -4, -5, -43, -34, 160, 23, -17, -149, -37, 64, -30, 34, -11, -42, -37, -31, 197, 0,
-28, -139, 4, 0, -11, 65, -63, -63, -39, 1, 220, 35, -22, -142, -39, 6, 60, 64, -90, -63, -40, 8, 218, 98, -12, -136, 28, -53, -50, 13, -60, -37, 7, 12, 222,
109, 2, -150, -9, -44, -39, 19, -41, -61, -10, 43, 237, 119, -30, -126, -3, -96, -38, 81, -93, -42, -13, 52, 236, 100, -16, -105, -20, -70, -46, 8, -15, -9, -35, 22,
229, 77, -3, -85, -20, -77, -55, 28, -23, -39, -6, 31, 256, 64, -20, -116, -17, -44, -80, 37, -34, -44, 0, 26, 306, -19, -77, -67, 5, -66, -69, 46, 10, -64, -50,
-4, 325, -10, -62, -45, 43, -94, -72, 74, 27, -42, -58, -25, 340, -14, -129, -68, 68, -102, -69, 71, -4, -47, -70, -19, 383, -36, -148, -34, 70, -103, -53, 77, -26, -66,
-46, -10, 383, -28, -150, -33, 63, -46, -50, 50, -37, -61, -63, -24, 414, -49, -122, -36, 79, -20, -31, 2, -51, -69, -39, -6, 384, -35, -131, -64, 125, -16, -87, 37, -45,
-72, -36, -17, 391, -62, -134, -61, 90, -40, -65, 52, -62, -71, -51, -19, 374, -40, -133, -78, 110, -48, -40, 46, -77, -46, -41, -12, 400, -28, -152, -30, 96, -45, -46, 0,
-59, -32, -40, -20, 365, 9, -96, 4, 85, -44, -51, -50, -56, -42, -2, 20, 400, 32, -110, -68, 62, -39, 3, 33, -39, -69, -55, -23, 405, 14, -75, -72, 84, -72, 0,
32, -25, -41, -65, -38, 349, 101, -13, 20, 71, -105, -60, 10, -57, -62, -58, 41, 370, 110, -70, -19, 105, -78, -70, -13, -76, -18, -19, 26, 344, 88, -7, -16, 75, -26,
-69, -58, -62, -17, -2, 28, 319, 110, 18, 31, 128, -85, -111, -85, -53, 21, 32, -14, 317, 88, 47, -2, 92, -110, -97, 3, -73, -28, 11, 40, 358, 97, -19, -22, 61,
-42, -51, -22, -48, -40, -29, -6, 404, 89, -75, -75, 63, -28, 0, -17, -44, -34, -32, -30, 406, 100, -96, -94, 32, -53, -14, 50, 3, -25, -81, -44, 354, 118, -66, -115,
26, -57, -19, 36, -11, 5, -89, -51, 401, 91, -69, -84, 25, -71, -53, 28, -14, 25, -32, -44, 397, 30, -111, -64, 36, -58, -22, 6, -45, -29, 20, -10, 390, 22, -136,
-71, 56, -54, -16, -7, -42, -16, -9, 18, 381, 12, -142, -106, 61, -41, -49, 10, -36, -26, 15, 7, 335, -25, -167, -117, 7, -63, -28, 33, -15, -51, 6, 53, 264, -95,
-185, -129, -8, -114, -28, 80, 7, 13, 6, 53, 318, -74, -185, -70, 43, -84, -85, 69, 16, -8, 0, 22, 324, -63, -143, -57, 77, -118, -21, 83, 20, -70, -71, 19, 334,
-88, -120, 68, 57, -127, -27, 73, 23, -64, -47, 4, 0, 0, 0, 0, 0, 0, 0, 0, 0, 0, 0, 0, 0, 0, 0, 0, 0, 0, 0, 0, 0, 0, 0, 0,
0, 0, 0, 0, 0, 0, 0, 0, 0, 0, 0, 0, 0, 0, 0, 0, 0, 0, 0, 0, 0, 0, 0, 0, 0, 0, 0, 0, 0, 0, 0, 0, 0, 0, 0,
0, 0, 0, 0, 0, 0, 0, 0, 0, 0, 0, 0, 0, 0, 0, 0, 0, 0, 0, 0, 0, 0, 0, 0, 0, 0, 0, 0, 0, 0, 0, 0, 0, 0, 0,
0, 0, 0, 0, 0, 0, 0, 0, 0, 0, 0, 0, 0, 0, 0, 0, 0, 0, 0, 0, 0, 0, 0, 0, 0, 0, 0, 0, 0, 0, 0, 0, 0, 0, 0,
0, 0, 0, 0, 0, 0, 0, 0, 0, 0, 0, 0, 0, 0, 0, 0, 0, 0, 0, 0, 0, 0, 0, 0, 0, 0, 0, 0, 0, 0, 0, 0, 0, 0, 0,
0, 0, 0, 0, 0, 0, 0, 0, 0, 0, 0, 0, 0, 0, 0, 0, 0, 0, 0, 0, 0, 0, 0, 0, 0, 0, 0, 0, 0, 0, 0, 0, 0, 0, 0,
0, 0, 0, 0, 0, 0, 0, 0, 0, 0, 0, 0, 0, 0, 0, 0, 0, 0, 0, 0, 0, 0, 0, 0, 0, 0, 0, 0, 0, 0, 0, 0, 0, 0, 0,
0, 0, 0, 0, 0, 0, 0, 0, 0, 0, 0, 0, 0, 0, 0, 0, 0, 0, 0, 0, 0, 0, 0, 0, 0, 0, 0, 0, 0, 0, 0, 0, 0, 0, 0,
0, 0, 0, 0, 0, 0, 0, 0, 0, 0, 0, 0, 0, 0, 0, 0, 0, 0, 0, 0, 0, 0, 0, 0, 0, 0, 0, 0, 0, 0, 0, 0, 0, 0, 0,
0, 0, 0, 0, 0, 0, 0, 0, 0, 0, 0, 0, 0, 0, 0, 0, 0, 0, 0, 0, 0, 0, 0, 0, 0, 0, 0, 0, 0, 0, 0, 0, 0, 0, 0,
0, 0, 0, 0, 0, 0, 0, 0, 0, 0, 0, 0, 0, 0, 0, 0, 0, 0, 0, 0, 0, 0, 0, 0, 0, 0, 0, 0, 0, 0, 0, 0, 0, 0, 0,
0, 0, 0, 0, 0, 0, 0, 0, 0, 0, 0, 0, 0, 0, 0, 0, 0, 0, 0, 0, 0, 0, 0, 0, 0, 0, 0, 0, 0, 0, 0, 0, 0, 0, 0,
0, 0, 0, 0, 0, 0, 0, 0, 0, 0, 0, 0, 0, 0, 0, 0, 0, 0, 0, 0, 0, 0, 0, 0, 0, 0, 0, 0, 0, 0, 0, 0, 0, 0, 0,
0, 0, 0, 0, 0, 0, 0, 0, 0, 0, 0, 0, 0, 0, 0, 0, 0, 0, 0, 0, 0, 0, 0, 0, 0, 0, 0, 0, 0, 0, 0, 0, 0, 0, 0,
0, 0, 0, 0, 0, 0, 0, 0, 0, 0, 0, 0, 0, 0, 0, 0, 0, 0, 0, 0, 0, 0, 0, 0, 0, 0, 0, 0, 0, 0, 0, 0, 0, 0, 0,
0, 0, 0, 0, 0, 0, 0, 0, 0, 0, 0, 0, 0, 0, 0, 0, 0, 0, 0, 0, 0, 0, 0, 0, 0, 0, 0, 0, 0, 0, 0, 0, 0, 0, 0,
0, 0, 0, 0, 0, 0, 0, 0, 0, 0, 0, 0, 0, 0, 0, 0, 0, 0, 0, 0, 0, 0, 0, 0, 0, 0, 0, 0, 0, 0, 0, 0, 0, 0, 0,
0, 0, 0, 0, 0, 0, 0, 0, 0, 0, 0, 0, 0, 0, 0, 0, 0, 0, 0, 0, 0, 0, 0, 0, 0, 0, 0, 0, 0, 0, 0, 0, 0, 0, 0,
0, 0, 0, 0, 0, 0, 0, 0, 0, 0, 0, 0, 0, 0, 0, 0, 0, 0, 0, 0, 0, 0, 0, 0, 0, 0, 0, 0, 0, 0, 0, 0, 0, 0, 0,
0, 0, 0, 0, 0, 0, 0, 0, 0, 0, 0, 0, 0, 0, 0, 0, 0, 0, 0, 0, 0, 0, 0, 0, 0, 0, 0, 0, 0, 0, 0, 0, 0, 0, 0,
0, 0, 0, 0, 0, 0, 0, 0, 0, 0, 0, 0, 0, 0, 0, 0, 0, 0, 0, 0, 0, 0, 0, 0, 0, 0, 0, 0, 0, 0, 0, 0, 0, 0, 0,
0, 0, 0, 0, 0, 0, 0, 0, 0, 0, 0, 0, 0, 0, 0, 0, 0, 0, 0, 0, 0, 0, 0, 0, 0, 0, 0, 0, 0, 0, 0, 0, 0, 0, 0,
0, 0, 0, 0, 0, 0, 0, 0, 0, 0, 0, 0, 0, 0, 0, 0, 0, 0, 0, 0, 0, 0, 0, 0, 0, 0, 0, 0, 0, 0, 0, 0, 0, 0, 0,
0, 0, 0, 0, 0, 0, 0, 0, 0, 0, 0, 0, 0, 0, 0, 0, 0, 0, 0, 0, 0, 0, 0, 0, 0, 0, 0, 0, 0, 0, 0, 0, 0, 0, 0,
0, 0, 0, 0, 0, 0, 0, 0, 0, 0, 0, 0, 0, 0, 0, 0, 0, 0, 0, 0, 0, 0, 0, 0, 0, 0, 0, 0, 0, 0, 0, 0, 0, 0, 0,
0, 0, 0, 0, 0, 0, 0, 0, 0, 0, 0, 0, 0, 0, 0, 0, 0, 0, 0, 0, 0, 0, 0, 0, 0, 0, 0, 0, 0, 0, 0, 0, 0, 0, 0,
0, 0, 0, 0, 0, 0, 0, 0, 0, 0, 0, 0, 0, 0, 0, 0, 0, 0, 0, 0, 0, 0, 0, 0, 0, 0, 0, 0, 0, 0, 0, 0, 0, 0, 0,
0, 0, 0, 0, 0, 0, 0, 0, 0, 0, 0, 0, 0, 0, 0, 0, 0, 0, 0, 0, 0, 0, 0, 0, 0, 0, 0, 0, 0, 0, 0, 0, 0, 0, 0,
0, 0, 0, 0, 0, 0, 0, 0, 0, 0, 0, 0, 0, 0, 0, 0, 0, 0, 0, 0, 0, 0, 0, 0, 0, 0, 0, 0, 0, 0, 0, 0, 0, 0, 0,
0, 0, 0, 0, 0, 0, 0, 0, 0, 0, 0, 0, 0, 0, 0, 0, 0, 0, 0, 0, 0, 0, 0, 0, 0, 0, 0, 0, 0, 0, 0, 0, 0, 0, 0,
0, 0, 0, 0, 0, 0, 0, 0, 0, 0, 0, 0, 0, 0, 0, 0, 0, 0, 0, 0, 0, 0, 0, 0, 0, 0, 0, 0, 0, 0, 0, 0, 0, 0, 0,
0, 0, 0, 0, 0, 0, 0, 0, 0, 0, 0, 0, 0, 0, 0, 0, 0, 0, 0, 0, 0, 0, 0, 0, 0, 0, 0, 0, 0, 0, 0, 0, 0, 0, 0,
0, 0, 0, 0, 0, 0, 0, 0, 0, 0, 0, 0, 0, 0, 0, 0, 0, 0, 0, 0, 0, 0, 0, 0, 0, 0, 0, 0, 0, 0, 0, 0, 0, 0, 0,
0, 0, 0, 0, 0, 0, 0, 0, 0, 0, 0, 0, 0, 0, 0, 0, 0, 0, 0, 0, 0, 0, 0, 0, 0, 0, 0, 0, 0, 0, 0, 0, 0, 0, 0,
0, 0, 0, 0, 0, 0, 0, 0, 0, 0, 0, 0, 0, 0, 0, 0, 0, 0, 0, 0, 0, 0, 0, 0, 0, 0, 0, 0, 0, 0, 0, 0, 0, 0, 0,
0, 0, 0, 0, 0, 0, 0, 0, 0, 0, 0, 0, 0, 0, 0, 0, 0, 0, 0, 0, 0, 0, 0, 0, 0, 0, 0, 0, 0, 0, 0, 0, 0, 0, 0,
0, 0, 0, 0, 0, 0, 0, 0, 0, 0, 0, 0, 0, 0, 0, 0, 0, 0, 0, 0, 0, 0, 0, 0, 0, 0, 0, 0, 0, 0, 0, 0, 0, 0, 0,
0, 0, 0, 0, 0, 0, 0, 0, 0, 0, 0, 0, 0, 0, 0, 0, 0, 0, 0, 0, 0, 0, 0, 0, 0, 0, 0, 0, 0, 0, 0, 0, 0, 0, 0,
0, 0, 0, 0, 0, 0, 0, 0, 0, 0, 0, 0, 0, 0, 0, 0, 0, 0, 0, 0, 0, 0, 0, 0, 0, 0, 0, 0, 0, 0, 0, 0, 0, 0, 0,
0, 0, 0, 0, 0, 0, 0, 0, 0, 0, 0, 0, 0, 0, 0, 0, 0, 0, 0, 0, 0, 0, 0, 0, 0, 0, 0, 0, 0, 0, 0, 0, 0, 0, 0,
0, 0, 0, 
print model ok!

start rec...
get noise again...
speeking...
frm_num=103
-79, 31, 19, 30, 25, 30, 27, 30, 30, 31, 28, 28, 153, 40, 56, 64, 50, 0, -53, 32, -34, -9, -77, -16, 129, 48, 58, 52, 66, -8, -63, 34, -9, -72, -57,
-27, 170, 27, 52, 69, 18, -55, -8, 46, -27, -57, -24, -39, 187, 28, 25, 27, 26, -4, 14, 27, -52, -52, -12, -35, 194, 56, 14, 39, 12, -54, -24, 41, -39, -56,
-20, -25, 131, 87, 75, 19, 42, -41, -18, 71, 13, -53, -24, -14, 64, 5, 19, 55, 46, 4, 12, 85, -5, -31, 11, -24, 2, 38, -13, 86, 64, -27, -6, 23, 61,
2, 19, -3, -83, 121, 6, 118, 26, 53, -69, 23, 21, -44, -21, -3, -99, 249, -75, 147, -3, 11, -43, 19, -28, -17, -53, -10, 8, 222, -30, 55, -62, -73, -3, 32,
46, -1, -117, 5, 110, 265, -74, -132, -74, -16, 46, -6, 29, 10, -127, 38, 130, 172, -83, -95, -179, 6, 68, 54, 15, -60, -137, 21, 193, 59, -153, -143, -123, -6, 66,
73, -63, -133, -84, 20, 201, -58, -207, -137, -55, 19, 57, 3, -57, -64, -93, 30, 140, -99, -158, -109, -58, -27, 38, -7, -71, -27, -39, 38, 124, -184, -169, -139, -11, -43,
77, 3, -80, -12, -18, 9, 164, -264, -196, -89, -25, -41, 86, 13, -117, 20, -31, -52, 157, -289, -123, 16, -3, 24, 73, -15, -127, 11, -24, -42, 195, -255, -170, -21, -23,
-4, 147, 16, -162, 53, -82, -59, 192, -252, -115, -88, 10, -33, 109, -21, -120, 89, -68, -45, 225, -272, -161, 11, 29, -10, 81, -39, -168, 34, 16, -22, 216, -235, -118, -40,
56, 5, 59, -21, -118, 44, -45, -42, 251, -260, -127, -41, 53, 5, 81, -70, -142, 1, -13, -37, 286, -253, -120, -39, 13, -16, 72, -69, -77, -20, -15, -50, 289, -220, -113,
-89, -3, -58, 100, -41, -86, -21, -27, -25, 243, -213, -43, -81, -83, 11, 89, -18, -69, -52, -6, -29, 220, -130, -14, -19, -11, -25, 38, -47, -27, 5, -28, 7, 307, -183,
-78, -92, -28, -5, 70, 0, -123, 21, 15, -11, 261, -117, -77, -62, 10, -1, 59, -14, -55, 0, -44, -38, 341, -81, -110, -44, -8, -16, 8, -23, -40, 18, -20, -33, 337,
-78, -98, -66, 39, -16, 14, -79, -82, 3, 31, -9, 349, -108, -139, -80, 43, 8, -9, -34, -36, -40, -3, -21, 318, -69, -117, -128, -17, 46, -9, -50, -13, -19, -47, -73,
339, -63, -125, -96, -25, -21, -9, 13, -31, -32, -61, -31, 287, -100, -62, -189, -58, 30, -34, -3, 2, -45, -29, -16, 184, -153, -115, -167, -88, 18, -6, -10, 63, -5, 42,
25, 224, -122, -102, -197, -82, 23, -18, 11, 20, -16, -31, 25, 313, -57, -77, -200, -39, -46, 8, -19, 21, -33, -44, 25, 312, 53, -112, -167, -12, -41, 18, 17, -11, -37,
-71, 41, 286, 3, -99, -38, -10, 7, 14, 5, -61, 2, -44, -11, 244, -1, -130, -87, -63, 16, 13, 34, -40, 1, -35, -14, 196, 17, -164, -56, -39, 92, 8, 47, -18,
32, -31, -14, 167, -8, -168, -49, -76, 83, 18, 12, 7, -5, -59, 45, 146, 56, -137, -39, -91, 102, -31, -17, -21, 13, -28, 13, 131, 33, -176, 31, -44, 65, -42, 70,
-25, -55, -24, 13, 19, 73, -165, 25, -92, 89, -19, 31, -37, 27, -29, 35, 41, 58, -159, -8, -67, 11, -37, 14, 19, 55, 5, 44, 40, 71, -109, -10, -26, -6, -51,
48, 25, 20, -20, 31, 61, 82, -148, 11, -48, -26, 8, 53, -38, -22, -25, 40, 55, 91, -136, 12, -11, 4, 5, -6, -26, 1, -8, 13, 58, -6, -96, 38, 86, 26,
2, -18, -49, -22, -56, 1, 8, 96, -60, -1, 35, -19, 21, 59, -15, -19, -45, 16, 33, 28, -70, -49, 2, -5, 60, 45, 9, -7, -32, 0, 51, -23, -108, -4, 8,
-16, 9, 85, 27, 33, -3, 6, 84, -43, -19, 43, 17, 25, -9, 53, 25, 2, 55, 66, 159, 30, -28, 1, 13, -8, 2, 44, -12, -53, 2, 8, 185, 62, -22, -7,
53, 5, -39, 16, -13, -6, -40, -42, 195, 91, 31, 12, -3, -52, -39, 55, -16, -22, -33, -52, 164, 94, 19, 58, -2, -21, -33, 6, -12, -56, -42, -19, 179, 87, 21,
-6, 24, -50, -6, 18, -26, -29, -16, -29, 147, 42, 4, 33, 39, -2, -3, 75, -1, -54, -20, -15, 65, -7, -20, 49, 39, 12, -15, 74, 2, -29, -25, -6, 65, 78,
-60, -76, -75, -36, -46, 74, 78, -47, -20, 39, 107, 160, -50, -276, -83, -88, 77, 73, 12, -85, -27, 3, 158, 128, -73, -322, -12, -67, 100, 89, 21, -80, -59, -2, 145,
13, -98, -313, -25, 14, 42, 84, 21, -116, -85, 6, 133, -24, -49, -258, -13, 37, 50, 60, 40, -126, -72, -9, 143, -16, -37, -250, -19, 43, 33, 38, -5, -102, -85, -17,
173, -35, -7, -278, -16, 23, 53, 32, 9, -71, -73, 21, 197, -52, -2, -282, -24, 15, 62, 9, -21, -79, -53, 1, 216, -52, 6, -146, 16, -21, 46, 7, -78, -42, -18,
22, 168, -15, 37, -148, 38, 30, 22, 28, -13, -122, -96, -2, 262, 57, 47, -152, -1, -47, 19, 88, -10, -101, -104, -31, 266, 47, -3, -142, 19, -112, 73, 30, -82, -42,
-85, 22, 270, 80, 8, -177, 49, -20, -16, -3, -9, -42, -78, 21, 282, 77, 14, -140, 45, -57, -60, 37, 9, -86, -26, 4, 288, 61, -2, -99, 74, -108, -85, 31, -9,
-45, -40, -29, 296, 24, -12, -102, 64, -78, -23, 12, -30, -31, -72, -3, 305, 84, -1, -148, 57, -76, 19, 19, -39, -20, -81, -29, 285, 110, -4, -131, 69, -52, 6, 32,
-47, -21, -92, -43, 314, 104, -37, -204, 89, -44, -12, 53, -35, -31, -77, -43, 366, 64, -50, -190, 124, -34, -62, 36, -25, -15, -56, -40, 415, 75, -133, -167, 108, 22, -44,
-36, 2, -8, -69, -22, 414, 29, -106, -198, 133, 20, -75, 12, -24, -23, -70, -1, 388, -8, -128, -81, 106, -21, -31, -3, -44, -49, -31, -6, 383, 39, -106, -160, 105, -12,
4, -6, -96, -3, -34, -42, 409, 22, -88, -166, 108, 41, -26, -13, -97, -17, -10, -6, 376, 82, -92, -163, 112, 0, -14, -12, -88, -32, 7, -31, 415, 86, -50, -140, 60,
-58, -26, 58, -47, -33, -33, -51, 404, 119, -69, -110, -12, -26, -13, 40, -11, -51, -47, -31, 409, 76, -34, -76, 19, -20, -52, 38, -56, -60, -4, -30, 428, 62, -40, -84,
88, -55, -49, 2, -67, -24, -30, -5, 369, 86, 17, -69, 87, -51, -32, -29, -79, -51, -1, 10, 343, 105, -12, -85, 135, -46, -63, -10, -82, -26, -10, -23, 354, 110, -31,
-38, 154, -25, -69, -67, -57, -2, -1, -24, 361, 94, 6, -47, 129, -50, -62, 33, -104, -41, -19, -16, 404, 78, -38, -26, 98, -57, -35, 19, -81, -29, -12, -33, 400, 104,
-61, -83, 61, -68, -23, 67, -27, -37, -70, -52, 425, 103, -80, -133, 60, -58, -23, 90, -3, -41, -127, -16, 401, 42, -93, -87, 35, -45, -12, 88, -44, -65, -41, 4, 386,
40, -133, -118, 70, -22, -45, 27, 1, -63, -68, -3, 0, 0, 0, 0, 0, 0, 0, 0, 0, 0, 0, 0, 0, 0, 0, 0, 0, 0, 0, 0, 0, 0, 0, 0,
0, 0, 0, 0, 0, 0, 0, 0, 0, 0, 0, 0, 0, 0, 0, 0, 0, 0, 0, 0, 0, 0, 0, 0, 0, 0, 0, 0, 0, 0, 0, 0, 0, 0, 0,
0, 0, 0, 0, 0, 0, 0, 0, 0, 0, 0, 0, 0, 0, 0, 0, 0, 0, 0, 0, 0, 0, 0, 0, 0, 0, 0, 0, 0, 0, 0, 0, 0, 0, 0,
0, 0, 0, 0, 0, 0, 0, 0, 0, 0, 0, 0, 0, 0, 0, 0, 0, 0, 0, 0, 0, 0, 0, 0, 0, 0, 0, 0, 0, 0, 0, 0, 0, 0, 0,
0, 0, 0, 0, 0, 0, 0, 0, 0, 0, 0, 0, 0, 0, 0, 0, 0, 0, 0, 0, 0, 0, 0, 0, 0, 0, 0, 0, 0, 0, 0, 0, 0, 0, 0,
0, 0, 0, 0, 0, 0, 0, 0, 0, 0, 0, 0, 0, 0, 0, 0, 0, 0, 0, 0, 0, 0, 0, 0, 0, 0, 0, 0, 0, 0, 0, 0, 0, 0, 0,
0, 0, 0, 0, 0, 0, 0, 0, 0, 0, 0, 0, 0, 0, 0, 0, 0, 0, 0, 0, 0, 0, 0, 0, 0, 0, 0, 0, 0, 0, 0, 0, 0, 0, 0,
0, 0, 0, 0, 0, 0, 0, 0, 0, 0, 0, 0, 0, 0, 0, 0, 0, 0, 0, 0, 0, 0, 0, 0, 0, 0, 0, 0, 0, 0, 0, 0, 0, 0, 0,
0, 0, 0, 0, 0, 0, 0, 0, 0, 0, 0, 0, 0, 0, 0, 0, 0, 0, 0, 0, 0, 0, 0, 0, 0, 0, 0, 0, 0, 0, 0, 0, 0, 0, 0,
0, 0, 0, 0, 0, 0, 0, 0, 0, 0, 0, 0, 0, 0, 0, 0, 0, 0, 0, 0, 0, 0, 0, 0, 0, 0, 0, 0, 0, 0, 0, 0, 0, 0, 0,
0, 0, 0, 0, 0, 0, 0, 0, 0, 0, 0, 0, 0, 0, 0, 0, 0, 0, 0, 0, 0, 0, 0, 0, 0, 0, 0, 0, 0, 0, 0, 0, 0, 0, 0,
0, 0, 0, 0, 0, 0, 0, 0, 0, 0, 0, 0, 0, 0, 0, 0, 0, 0, 0, 0, 0, 0, 0, 0, 0, 0, 0, 0, 0, 0, 0, 0, 0, 0, 0,
0, 0, 0, 0, 0, 0, 0, 0, 0, 0, 0, 0, 0, 0, 0, 0, 0, 0, 0, 0, 0, 0, 0, 0, 0, 0, 0, 0, 0, 0, 0, 0, 0, 0, 0,
0, 0, 0, 0, 0, 0, 0, 0, 0, 0, 0, 0, 0, 0, 0, 0, 0, 0, 0, 0, 0, 0, 0, 0, 0, 0, 0, 0, 0, 0, 0, 0, 0, 0, 0,
0, 0, 0, 0, 0, 0, 0, 0, 0, 0, 0, 0, 0, 0, 0, 0, 0, 0, 0, 0, 0, 0, 0, 0, 0, 0, 0, 0, 0, 0, 0, 0, 0, 0, 0,
0, 0, 0, 0, 0, 0, 0, 0, 0, 0, 0, 0, 0, 0, 0, 0, 0, 0, 0, 0, 0, 0, 0, 0, 0, 0, 0, 0, 0, 0, 0, 0, 0, 0, 0,
0, 0, 0, 0, 0, 0, 0, 0, 0, 0, 0, 0, 0, 0, 0, 0, 0, 0, 0, 0, 0, 0, 0, 0, 0, 0, 0, 0, 0, 0, 0, 0, 0, 0, 0,
0, 0, 0, 0, 0, 0, 0, 0, 0, 0, 0, 0, 0, 0, 0, 0, 0, 0, 0, 0, 0, 0, 0, 0, 0, 0, 0, 0, 0, 0, 0, 0, 0, 0, 0,
0, 0, 0, 0, 0, 0, 0, 0, 0, 0, 0, 0, 0, 0, 0, 0, 0, 0, 0, 0, 0, 0, 0, 0, 0, 0, 0, 0, 0, 0, 0, 0, 0, 0, 0,
0, 0, 0, 0, 0, 0, 0, 0, 0, 0, 0, 0, 0, 0, 0, 0, 0, 0, 0, 0, 0, 0, 0, 0, 0, 0, 0, 0, 0, 0, 0, 0, 0, 0, 0,
0, 0, 0, 0, 0, 0, 0, 0, 0, 0, 0, 0, 0, 0, 0, 0, 0, 0, 0, 0, 0, 0, 0, 0, 0, 0, 0, 0, 0, 0, 0, 0, 0, 0, 0,
0, 0, 0, 0, 0, 0, 0, 0, 0, 0, 0, 0, 0, 0, 0, 0, 0, 0, 0, 0, 0, 0, 0, 0, 0, 0, 0, 0, 0, 0, 0, 0, 0, 0, 0,
0, 0, 0, 0, 0, 0, 0, 0, 0, 0, 0, 0, 0, 0, 0, 0, 0, 0, 0, 0, 0, 0, 0, 0, 0, 0, 0, 0, 0, 0, 0, 0, 0, 0, 0,
0, 0, 0, 0, 0, 0, 0, 0, 0, 0, 0, 0, 0, 0, 0, 0, 0, 0, 0, 0, 0, 0, 0, 0, 0, 0, 0, 0, 0, 0, 0, 0, 0, 0, 0,
0, 0, 0, 0, 0, 0, 0, 0, 0, 0, 0, 0, 0, 0, 0, 0, 0, 0, 0, 0, 0, 0, 0, 0, 0, 0, 0, 0, 0, 0, 0, 0, 0, 0, 0,
0, 0, 0, 0, 0, 0, 0, 0, 0, 0, 0, 0, 0, 0, 0, 0, 0, 0, 0, 0, 0, 0, 0, 0, 0, 0, 0, 0, 0, 0, 0, 0, 0, 0, 0,
0, 0, 0, 0, 0, 0, 0, 0, 0, 0, 0, 0, 0, 0, 0, 0, 0, 0, 0, 0, 0, 0, 0, 0, 0, 0, 0, 0, 0, 0, 0, 0, 0, 0, 0,
0, 0, 0, 0, 0, 0, 0, 0, 0, 0, 0, 0, 0, 0, 0, 0, 0, 0, 0, 0, 0, 0, 0, 0, 0, 0, 0, 0, 0, 0, 0, 0, 0, 0, 0,
0, 0, 0, 0, 0, 0, 0, 0, 0, 0, 0, 0, 0, 0, 0, 0, 0, 0, 0, 0, 0, 0, 0, 0, 0, 0, 0, 0, 0, 0, 0, 0, 0, 0, 0,
0, 0, 0, 0, 0, 0, 0, 0, 0, 0, 0, 0, 0, 0, 0, 0, 0, 0, 0, 0, 0, 0, 0, 0, 0, 0, 0, 0, 0, 0, 0, 0, 0, 0, 0,
0, 0, 0, 0, 0, 0, 0, 0, 0, 0, 0, 0, 0, 0, 0, 0, 0, 0, 0, 0, 0, 0, 0, 0, 0, 0, 0, 0, 0, 0, 0, 0, 0, 0, 0,
0, 0, 0, 0, 0, 0, 0, 0, 0, 0, 0, 0, 0, 0, 0, 0, 0, 0, 0, 0, 0, 0, 0, 0, 0, 0, 0, 0, 0, 0, 0, 0, 0, 0, 0,
0, 0, 0, 0, 0, 0, 0, 0, 0, 0, 0, 0, 0, 0, 0, 0, 0, 0, 0, 0, 0, 0, 0, 0, 0, 0, 0, 0, 0, 0, 0, 0, 0, 0, 0,
0, 0, 0, 0, 0, 0, 0, 0, 0, 0, 0, 0, 0, 0, 0, 0, 0, 0, 0, 0, 0, 0, 0, 0, 0, 0, 0, 0, 0, 0, 0, 0, 0, 0, 0,
0, 0, 0, 0, 0, 0, 0, 0, 0, 0, 0, 0, 0, 0, 0, 0, 0, 0, 0, 0, 0, 0, 0, 0, 0, 0, 0, 0, 0, 0, 0, 0, 0, 0, 0,
0, 0, 0, 0, 0, 0, 0, 0, 0, 0, 0, 0, 0, 0, 0, 0, 0, 0, 0, 0, 0, 0, 0, 0, 0, 0, 0, 0, 0, 0, 0, 0, 0, 0, 0,
0, 0, 0, 0, 0, 0, 0, 0, 0, 0, 0, 0, 0, 0, 0, 0, 0, 0, 0, 0, 0, 0, 0, 0, 0, 0, 0, 0, 0, 0, 0, 0, 0, 0, 0,
0, 0, 0, 0, 0, 0, 0, 0, 0, 0, 0, 0, 0, 0, 0, 0, 0, 0, 0, 0, 0, 0, 0, 0, 0, 0, 0, 0, 0, 0, 0, 0, 0, 0, 0,
0, 0, 0, 0, 0, 0, 0, 0, 0, 0, 0, 0, 0, 0, 0, 0, 0, 0, 0, 0, 0, 0, 0, 0, 0, 0, 0, 0, 0, 0, 0, 0, 0, 0, 0,
0, 0, 0, 0, 0, 0, 0, 0, 0, 0, 0, 0, 0, 0, 0, 0, 0, 0, 0, 0, 0, 0, 0, 0, 0, 0, 0, 0, 0, 0, 0, 0, 0, 0, 0,
0, 0, 0, 
print model ok!
