start rec...
get noise again...
speeking...
frm_num=92
-71, 29, 19, 30, 25, 29, 26, 29, 28, 29, 27, 27, 195, 44, 41, 88, 34, -49, -79, -25, 1, -14, 2, -34, 189, 71, 31, 78, 85, -32, -65, -36, -17, -55, -55,
-84, 206, 113, 44, 88, 88, -9, -63, 2, -47, -39, -30, -31, 245, 97, 39, 87, 31, -25, -48, 5, -32, -37, -68, -16, 199, 129, 19, 88, 34, -20, -54, 22, -42, -18,
-40, -15, 96, 187, -48, 113, -5, 40, -109, 54, 7, -44, -35, -14, 61, 212, -6, 119, -32, 4, -96, 45, -6, -31, -25, 13, 32, 227, -15, 30, -38, 2, -82, 35, -1,
-13, -15, 8, 67, 201, -17, -13, -27, -76, -80, 54, 37, 28, -90, -19, 152, 248, -13, -130, -113, -33, -9, 59, -3, -57, -68, 3, 224, 150, -65, -163, -69, 29, 11, -2,
13, -79, -83, 2, 314, 13, -110, -127, -76, 73, 17, 16, -27, -73, -116, 5, 339, -46, -196, -90, -49, 92, 57, -36, -44, -48, -92, -6, 265, -101, -172, -93, -31, 86, 12,
-17, -103, 13, -59, -41, 265, -180, -220, -68, -1, 48, 6, -20, -66, -9, -32, -28, 301, -232, -247, -47, 6, 82, -2, 7, -59, -13, -23, -10, 277, -219, -255, -46, 30, 62,
-24, -1, -122, -29, -25, -40, 274, -159, -228, -62, 72, 94, -19, -2, -115, -47, -16, -36, 298, -199, -201, -22, 61, 68, -26, -15, -147, -26, -12, -18, 320, -166, -232, 0, 76,
75, -24, -18, -152, -38, 9, -17, 335, -167, -238, -46, 104, 73, 0, -46, -104, -41, -4, -22, 304, -157, -220, -134, 86, 94, -22, -57, -81, -31, -28, -13, 305, -148, -205, -110,
74, 107, -24, -54, -65, -27, -6, 8, 325, -138, -193, -51, 67, 25, 0, -32, -72, -33, -23, 5, 365, -143, -123, -35, 57, 28, -45, -26, -83, -61, 3, 29, 346, -111, -79,
-45, -1, 47, -30, -16, -61, -29, -9, -48, 360, -110, -133, -16, 32, 25, -20, -15, -86, -25, -19, -46, 346, -93, -105, -38, -8, 18, -25, 20, -49, -84, 19, -38, 337, -42,
-50, -68, -40, -34, 6, 10, 12, -51, -34, -65, 367, -4, -74, -43, -65, -59, 32, 24, -35, 8, -63, -73, 389, -96, -108, -55, -89, 4, 33, -18, -52, -39, -40, -45, 341,
-146, -77, -87, -75, 63, 26, -27, -70, -62, -45, 6, 304, -107, -140, -178, -67, 35, 4, 18, -66, -45, -53, -25, 293, -84, -101, -157, -64, 10, 11, 43, -85, -57, -77, -23,
284, -79, -122, -126, -5, 27, 0, -7, -101, -54, -79, -29, 279, -81, -88, -98, -18, 72, 7, 0, -47, -11, -63, -14, 283, -30, -52, -47, -84, -5, 0, 22, -22, 5, -67,
10, 274, 98, -1, -55, -4, 95, -50, -18, -60, 2, -72, -16, 224, 104, -22, -50, -41, 86, -61, 56, -40, -54, -62, 0, 107, 10, -8, 30, -68, 40, -81, 73, -24, 22,
-69, -5, 36, 10, -45, 3, 30, 110, -80, 73, -20, 6, -31, 5, 101, 11, -72, 41, 4, 39, -12, -1, -67, 7, -50, 27, 62, 11, -39, 43, 15, 52, -52, 33, -31,
46, -22, 7, 58, 2, -126, 7, 36, 66, -55, 76, -5, 18, -50, 2, 110, 20, -57, -11, -26, 70, -8, 46, -48, -11, -31, 16, 140, 95, -24, -30, -47, 20, 1, 38,
-21, -10, -45, 17, 103, 10, 11, 67, -18, 30, -36, 33, -33, -36, -29, -16, 113, -37, 54, 59, 35, 53, -85, 22, 0, -5, -6, 0, 37, -80, 52, -12, 0, -6, -79,
84, 21, -54, 25, -17, -49, -54, 12, -63, 46, 55, -34, 111, 0, 37, 42, 66, 177, 73, 36, -46, -9, -47, -92, 44, -44, -41, -52, -14, 299, 57, -32, -150, -94, -67,
-24, 60, -44, -34, -6, -5, 350, 1, -119, -129, -113, -73, -24, 35, -25, 3, -12, -7, 346, -21, -98, -115, -115, -63, -6, 18, -66, -26, 1, -22, 325, 27, -57, -104, -72,
-34, 64, 7, -118, -19, 0, -21, 297, -113, -96, -138, -57, 97, 69, -9, -27, -77, -111, 4, 300, -148, -160, -172, 23, 95, -15, -13, 49, -61, -62, 62, 313, -92, -104, -152,
13, 66, -71, -43, 19, -88, -52, 88, 278, -27, -34, -148, 40, 3, -42, -39, 0, -78, -85, 16, 290, -53, -42, -206, 30, 55, -43, 15, -16, -90, -52, 0, 306, -20, -26,
-272, 30, 65, -31, 57, -16, -87, -43, 39, 302, -11, 9, -231, -10, 55, -49, 58, -14, -60, -34, -20, 273, 77, -5, -263, 11, 29, -41, 50, -29, -30, -73, -32, 283, 44,
5, -236, 37, 14, -33, 46, -41, -55, -33, -16, 294, 40, 2, -176, 33, -21, -93, 67, -34, -46, 25, -28, 258, 79, 69, -191, 49, -37, -125, 70, -8, -32, -24, -31, 248,
69, 32, -157, 27, -30, -75, 17, -54, -61, 17, -21, 232, 57, 11, -119, 113, 9, -28, 46, -90, -54, 33, -12, 206, 103, 66, -106, 79, 0, -56, 31, -61, -54, 24, 11,
228, 95, 51, -84, 65, 30, -39, 30, -54, -71, -20, 9, 223, 51, -1, -73, 58, 8, -45, 27, -36, -8, 0, 6, 166, 86, 15, -118, 47, -26, -31, 6, -53, -9, -24,
-16, 134, 102, 60, -58, -28, -18, -96, 33, -39, -12, -6, -8, 148, 64, -33, -7, -10, 38, -24, 95, -73, -102, -17, 17, 100, 139, 6, -14, -40, 30, -61, 71, -60, -53,
0, -11, 116, 141, 2, -21, 16, 8, -127, 82, -25, -58, -45, -15, 130, 100, -50, 32, -21, 10, -114, 38, -61, -63, 23, 23, 88, 146, -34, 33, -55, 51, -95, 56, -62,
-11, -12, 78, 17, 103, -59, 51, 6, 75, -109, 23, -3, -6, -20, 17, 20, 71, -39, 79, -23, 60, -76, 42, -9, 0, 21, 3, 0, 66, -71, -4, -45, 91, -50, 71,
14, -44, -15, 16, 93, 53, -33, 54, -14, 28, -48, 9, -60, -13, -19, -16, 237, -12, -92, -43, -37, 11, -6, 29, -90, -3, -27, -36, 295, -123, -192, -10, -38, 49, -23,
57, -88, -65, -39, -26, 328, -152, -225, 6, 25, -18, -10, 55, -67, -67, -30, -11, 320, -179, -176, 37, 56, -45, -46, 77, -62, -97, 1, -21, 383, -130, -247, 10, 76, 16,
-50, 85, -60, -82, -28, -63, 355, -87, -206, 13, 126, 38, -39, 9, -62, -57, -32, -30, 344, -157, -166, 52, 75, -21, -58, 37, 0, -38, -24, 9, 360, -151, -145, 52, 76,
-46, -50, 73, -36, -60, -2, -15, 343, -88, -178, 35, 85, -42, -62, 63, -16, -22, -2, 20, 0, 0, 0, 0, 0, 0, 0, 0, 0, 0, 0, 0, 0, 0, 0, 0,
0, 0, 0, 0, 0, 0, 0, 0, 0, 0, 0, 0, 0, 0, 0, 0, 0, 0, 0, 0, 0, 0, 0, 0, 0, 0, 0, 0, 0, 0, 0, 0, 0, 0, 0,
0, 0, 0, 0, 0, 0, 0, 0, 0, 0, 0, 0, 0, 0, 0, 0, 0, 0, 0, 0, 0, 0, 0, 0, 0, 0, 0, 0, 0, 0, 0, 0, 0, 0, 0,
0, 0, 0, 0, 0, 0, 0, 0, 0, 0, 0, 0, 0, 0, 0, 0, 0, 0, 0, 0, 0, 0, 0, 0, 0, 0, 0, 0, 0, 0, 0, 0, 0, 0, 0,
0, 0, 0, 0, 0, 0, 0, 0, 0, 0, 0, 0, 0, 0, 0, 0, 0, 0, 0, 0, 0, 0, 0, 0, 0, 0, 0, 0, 0, 0, 0, 0, 0, 0, 0,
0, 0, 0, 0, 0, 0, 0, 0, 0, 0, 0, 0, 0, 0, 0, 0, 0, 0, 0, 0, 0, 0, 0, 0, 0, 0, 0, 0, 0, 0, 0, 0, 0, 0, 0,
0, 0, 0, 0, 0, 0, 0, 0, 0, 0, 0, 0, 0, 0, 0, 0, 0, 0, 0, 0, 0, 0, 0, 0, 0, 0, 0, 0, 0, 0, 0, 0, 0, 0, 0,
0, 0, 0, 0, 0, 0, 0, 0, 0, 0, 0, 0, 0, 0, 0, 0, 0, 0, 0, 0, 0, 0, 0, 0, 0, 0, 0, 0, 0, 0, 0, 0, 0, 0, 0,
0, 0, 0, 0, 0, 0, 0, 0, 0, 0, 0, 0, 0, 0, 0, 0, 0, 0, 0, 0, 0, 0, 0, 0, 0, 0, 0, 0, 0, 0, 0, 0, 0, 0, 0,
0, 0, 0, 0, 0, 0, 0, 0, 0, 0, 0, 0, 0, 0, 0, 0, 0, 0, 0, 0, 0, 0, 0, 0, 0, 0, 0, 0, 0, 0, 0, 0, 0, 0, 0,
0, 0, 0, 0, 0, 0, 0, 0, 0, 0, 0, 0, 0, 0, 0, 0, 0, 0, 0, 0, 0, 0, 0, 0, 0, 0, 0, 0, 0, 0, 0, 0, 0, 0, 0,
0, 0, 0, 0, 0, 0, 0, 0, 0, 0, 0, 0, 0, 0, 0, 0, 0, 0, 0, 0, 0, 0, 0, 0, 0, 0, 0, 0, 0, 0, 0, 0, 0, 0, 0,
0, 0, 0, 0, 0, 0, 0, 0, 0, 0, 0, 0, 0, 0, 0, 0, 0, 0, 0, 0, 0, 0, 0, 0, 0, 0, 0, 0, 0, 0, 0, 0, 0, 0, 0,
0, 0, 0, 0, 0, 0, 0, 0, 0, 0, 0, 0, 0, 0, 0, 0, 0, 0, 0, 0, 0, 0, 0, 0, 0, 0, 0, 0, 0, 0, 0, 0, 0, 0, 0,
0, 0, 0, 0, 0, 0, 0, 0, 0, 0, 0, 0, 0, 0, 0, 0, 0, 0, 0, 0, 0, 0, 0, 0, 0, 0, 0, 0, 0, 0, 0, 0, 0, 0, 0,
0, 0, 0, 0, 0, 0, 0, 0, 0, 0, 0, 0, 0, 0, 0, 0, 0, 0, 0, 0, 0, 0, 0, 0, 0, 0, 0, 0, 0, 0, 0, 0, 0, 0, 0,
0, 0, 0, 0, 0, 0, 0, 0, 0, 0, 0, 0, 0, 0, 0, 0, 0, 0, 0, 0, 0, 0, 0, 0, 0, 0, 0, 0, 0, 0, 0, 0, 0, 0, 0,
0, 0, 0, 0, 0, 0, 0, 0, 0, 0, 0, 0, 0, 0, 0, 0, 0, 0, 0, 0, 0, 0, 0, 0, 0, 0, 0, 0, 0, 0, 0, 0, 0, 0, 0,
0, 0, 0, 0, 0, 0, 0, 0, 0, 0, 0, 0, 0, 0, 0, 0, 0, 0, 0, 0, 0, 0, 0, 0, 0, 0, 0, 0, 0, 0, 0, 0, 0, 0, 0,
0, 0, 0, 0, 0, 0, 0, 0, 0, 0, 0, 0, 0, 0, 0, 0, 0, 0, 0, 0, 0, 0, 0, 0, 0, 0, 0, 0, 0, 0, 0, 0, 0, 0, 0,
0, 0, 0, 0, 0, 0, 0, 0, 0, 0, 0, 0, 0, 0, 0, 0, 0, 0, 0, 0, 0, 0, 0, 0, 0, 0, 0, 0, 0, 0, 0, 0, 0, 0, 0,
0, 0, 0, 0, 0, 0, 0, 0, 0, 0, 0, 0, 0, 0, 0, 0, 0, 0, 0, 0, 0, 0, 0, 0, 0, 0, 0, 0, 0, 0, 0, 0, 0, 0, 0,
0, 0, 0, 0, 0, 0, 0, 0, 0, 0, 0, 0, 0, 0, 0, 0, 0, 0, 0, 0, 0, 0, 0, 0, 0, 0, 0, 0, 0, 0, 0, 0, 0, 0, 0,
0, 0, 0, 0, 0, 0, 0, 0, 0, 0, 0, 0, 0, 0, 0, 0, 0, 0, 0, 0, 0, 0, 0, 0, 0, 0, 0, 0, 0, 0, 0, 0, 0, 0, 0,
0, 0, 0, 0, 0, 0, 0, 0, 0, 0, 0, 0, 0, 0, 0, 0, 0, 0, 0, 0, 0, 0, 0, 0, 0, 0, 0, 0, 0, 0, 0, 0, 0, 0, 0,
0, 0, 0, 0, 0, 0, 0, 0, 0, 0, 0, 0, 0, 0, 0, 0, 0, 0, 0, 0, 0, 0, 0, 0, 0, 0, 0, 0, 0, 0, 0, 0, 0, 0, 0,
0, 0, 0, 0, 0, 0, 0, 0, 0, 0, 0, 0, 0, 0, 0, 0, 0, 0, 0, 0, 0, 0, 0, 0, 0, 0, 0, 0, 0, 0, 0, 0, 0, 0, 0,
0, 0, 0, 0, 0, 0, 0, 0, 0, 0, 0, 0, 0, 0, 0, 0, 0, 0, 0, 0, 0, 0, 0, 0, 0, 0, 0, 0, 0, 0, 0, 0, 0, 0, 0,
0, 0, 0, 0, 0, 0, 0, 0, 0, 0, 0, 0, 0, 0, 0, 0, 0, 0, 0, 0, 0, 0, 0, 0, 0, 0, 0, 0, 0, 0, 0, 0, 0, 0, 0,
0, 0, 0, 0, 0, 0, 0, 0, 0, 0, 0, 0, 0, 0, 0, 0, 0, 0, 0, 0, 0, 0, 0, 0, 0, 0, 0, 0, 0, 0, 0, 0, 0, 0, 0,
0, 0, 0, 0, 0, 0, 0, 0, 0, 0, 0, 0, 0, 0, 0, 0, 0, 0, 0, 0, 0, 0, 0, 0, 0, 0, 0, 0, 0, 0, 0, 0, 0, 0, 0,
0, 0, 0, 0, 0, 0, 0, 0, 0, 0, 0, 0, 0, 0, 0, 0, 0, 0, 0, 0, 0, 0, 0, 0, 0, 0, 0, 0, 0, 0, 0, 0, 0, 0, 0,
0, 0, 0, 0, 0, 0, 0, 0, 0, 0, 0, 0, 0, 0, 0, 0, 0, 0, 0, 0, 0, 0, 0, 0, 0, 0, 0, 0, 0, 0, 0, 0, 0, 0, 0,
0, 0, 0, 0, 0, 0, 0, 0, 0, 0, 0, 0, 0, 0, 0, 0, 0, 0, 0, 0, 0, 0, 0, 0, 0, 0, 0, 0, 0, 0, 0, 0, 0, 0, 0,
0, 0, 0, 0, 0, 0, 0, 0, 0, 0, 0, 0, 0, 0, 0, 0, 0, 0, 0, 0, 0, 0, 0, 0, 0, 0, 0, 0, 0, 0, 0, 0, 0, 0, 0,
0, 0, 0, 0, 0, 0, 0, 0, 0, 0, 0, 0, 0, 0, 0, 0, 0, 0, 0, 0, 0, 0, 0, 0, 0, 0, 0, 0, 0, 0, 0, 0, 0, 0, 0,
0, 0, 0, 0, 0, 0, 0, 0, 0, 0, 0, 0, 0, 0, 0, 0, 0, 0, 0, 0, 0, 0, 0, 0, 0, 0, 0, 0, 0, 0, 0, 0, 0, 0, 0,
0, 0, 0, 0, 0, 0, 0, 0, 0, 0, 0, 0, 0, 0, 0, 0, 0, 0, 0, 0, 0, 0, 0, 0, 0, 0, 0, 0, 0, 0, 0, 0, 0, 0, 0,
0, 0, 0, 0, 0, 0, 0, 0, 0, 0, 0, 0, 0, 0, 0, 0, 0, 0, 0, 0, 0, 0, 0, 0, 0, 0, 0, 0, 0, 0, 0, 0, 0, 0, 0,
0, 0, 0, 0, 0, 0, 0, 0, 0, 0, 0, 0, 0, 0, 0, 0, 0, 0, 0, 0, 0, 0, 0, 0, 0, 0, 0, 0, 0, 0, 0, 0, 0, 0, 0,
0, 0, 0, 0, 0, 0, 0, 0, 0, 0, 0, 0, 0, 0, 0, 0, 0, 0, 0, 0, 0, 0, 0, 0, 0, 0, 0, 0, 0, 0, 0, 0, 0, 0, 0,
0, 0, 0, 0, 0, 0, 0, 0, 0, 0, 0, 0, 0, 0, 0, 0, 0, 0, 0, 0, 0, 0, 0, 0, 0, 0, 0, 0, 0, 0, 0, 0, 0, 0, 0,
0, 0, 0, 0, 0, 0, 0, 0, 0, 0, 0, 0, 0, 0, 0, 0, 0, 0, 0, 0, 0, 0, 0, 0, 0, 0, 0, 0, 0, 0, 0, 0, 0, 0, 0,
0, 0, 0, 0, 0, 0, 0, 0, 0, 0, 0, 0, 0, 0, 0, 0, 0, 0, 0, 0, 0, 0, 0, 0, 0, 0, 0, 0, 0, 0, 0, 0, 0, 0, 0,
0, 0, 0, 
print model ok!

start rec...
get noise again...
speeking...
frm_num=89
-86, 30, 17, 30, 24, 29, 26, 29, 29, 30, 27, 27, 204, 39, 104, 75, 79, -69, -22, 33, -21, -33, 1, 9, 184, 112, 87, 86, 25, -37, -6, 18, -19, -8, -39,
-42, 216, 118, 63, 57, 34, -29, 3, -1, -27, -25, -28, 5, 214, 145, 51, 23, 25, -9, -33, 27, 26, -30, -23, -15, 232, 79, 11, 89, 64, -102, -35, 33, -2, -5,
24, -33, 260, 114, 29, 15, 40, -41, -61, 46, 3, 0, -11, 6, 108, 127, 99, 41, -13, -2, -48, 43, -14, -24, 6, 20, -52, 192, 54, 110, 3, 8, -104, 32, 39,
-26, -9, -25, -89, 312, 27, 54, -3, 11, -10, 10, -8, -59, 1, 26, -88, 284, -31, 25, 22, 0, -95, 24, 34, -44, -117, -21, 67, 249, -9, -79, -45, -7, -62, 37,
82, -23, -135, -36, 143, 182, -48, -199, -42, 0, -14, 27, 10, -46, -101, -63, 174, 121, -114, -159, -88, 74, -2, -44, 0, -62, -115, -26, 167, -34, -110, -167, -27, 88, -31,
0, -64, -42, -113, -27, 188, -61, -153, -94, -1, 53, -30, -35, -35, -43, -78, -41, 226, -107, -189, -38, 39, 5, -4, -47, -51, -80, -46, -26, 176, -180, -139, 29, 71, 4,
8, -81, -90, -89, -15, 21, 197, -208, -170, -36, -3, 13, 41, -41, -54, -58, -49, -37, 266, -204, -129, -43, -38, 60, 46, 25, -37, -44, 0, -95, 231, -181, -165, -25, 64,
18, 45, 10, -96, -29, -4, -75, 282, -180, -157, 18, 37, 20, 39, -43, -43, 7, -46, -69, 268, -156, -153, -20, 5, 41, 83, -18, -94, -2, -34, -34, 214, -168, -93, 13,
19, -26, 80, -36, -110, -23, 20, -34, 305, -160, -119, -55, -2, 38, 72, -34, -112, 8, -2, -46, 261, -117, -102, -49, -31, 33, 69, -8, -79, -3, -49, -72, 254, -96, -33,
-27, -32, 71, -11, 32, -59, -41, -11, -42, 353, -123, -97, -1, -41, 27, 54, -50, -86, 7, 3, -15, 341, -67, -78, -106, -79, 31, 54, 20, -66, -29, 19, -32, 328, -66,
-99, -72, -27, 45, 15, 61, -62, -24, -20, -30, 297, -88, -84, -105, 15, 40, 0, 9, -69, -6, -23, -37, 286, -64, -84, -77, -41, 11, 16, 11, -36, -21, 16, -57, 295,
-47, -87, -108, -59, 31, 16, 22, -38, 5, 3, -64, 316, -21, -53, -118, -75, 8, -20, 20, 5, -28, -26, -70, 370, -46, -35, -143, -105, -27, 1, 58, -13, -60, -35, -76,
403, -40, -24, -104, -72, -58, -13, 55, -39, -55, -22, -32, 386, 16, -43, -139, -52, -20, -41, 32, -48, -13, -38, -39, 337, 14, -20, -228, -66, -26, 7, 36, -6, -2, -94,
-50, 326, -39, -104, -238, -54, -2, -5, 38, 22, -4, -62, 7, 233, -92, -54, -137, -81, -81, 4, 4, -8, 24, -39, 61, 247, 27, -36, -129, -52, -5, -4, 37, 7, 10,
-77, 10, 250, 39, -80, -73, -90, 20, 14, 103, -52, -65, -99, -35, 158, 25, -104, -84, -30, 25, -20, 100, -29, -58, -105, 48, 114, -12, -102, -18, -49, 16, 28, 100, -24,
-50, -156, 9, 72, -4, -79, -55, -14, 28, 69, 142, -41, -36, -116, -24, 129, 37, -87, -86, -43, 32, 50, 86, -27, -32, -90, 28, 60, -13, -71, 14, 8, 58, 47, 90,
-60, -69, -55, 26, 59, -34, -118, -45, 11, -3, -5, 56, 66, 25, 0, 12, 146, -19, -87, -3, 35, -33, 11, 136, 3, 6, -47, 5, 204, -13, -126, -33, -82, -67, 62,
119, -33, -45, 15, 23, 62, 0, -58, -5, -3, -43, 90, 98, -5, 21, -54, 25, 90, 34, -13, -10, -28, -33, 29, 1, -56, -26, -38, -10, 268, 50, 15, -86, -99, -112,
-65, 52, -33, 28, -16, -8, 308, 20, -99, -50, -71, -123, -73, 38, -16, 19, -17, -13, 321, 65, -56, -91, -117, -161, -13, 76, -35, 10, -1, -2, 339, 36, -14, -44, -153,
-226, 27, 54, -29, 51, -5, -8, 398, 32, -49, -132, -175, -59, 74, -12, -79, 10, 26, -25, 402, -124, -119, -128, -39, 66, 56, -23, -81, -48, -55, -11, 391, -161, -145, -151,
11, 77, 43, -18, 2, -105, -71, 13, 343, -113, -90, -217, 79, 89, -4, -27, -6, -51, -63, 60, 300, -94, -69, -215, 81, 61, -3, 44, -22, -131, -65, 45, 302, -72, -35,
-187, 57, 45, -5, 74, -9, -148, -51, 24, 354, -35, -32, -234, 26, 58, -26, 89, -18, -141, -6, -4, 303, 15, -33, -295, 65, 50, -43, 78, 21, -121, -33, -31, 331, 82,
-27, -267, -16, 41, -40, 91, -29, -107, -12, -40, 275, 146, 16, -293, -25, 12, -44, 117, -37, -134, 0, -29, 262, 190, 13, -230, 17, -8, -45, 79, -70, -73, -24, -38, 269,
148, 72, -182, 74, -57, -127, 69, 2, -78, -21, -71, 274, 171, 13, -203, 103, 20, -75, 48, -66, -93, -8, -18, 203, 142, 107, -175, 110, -27, -28, 53, -68, -72, -4, -22,
239, 78, 46, -100, 59, -40, -97, 45, -59, -5, -11, -60, 239, 86, -27, -36, 31, -42, -29, 19, -52, -38, -14, -45, 293, 71, -21, -61, 29, -45, -95, 82, 10, -90, -5,
-37, 313, 105, -23, -136, 47, -34, -20, 95, -33, -125, -20, 0, 178, 106, -14, -93, -17, 39, 24, 43, -64, -111, -46, -11, 15, 144, 15, 36, 33, -16, -88, 30, -84, -42,
-6, -56, 88, 186, -41, 12, -17, 25, -74, 88, -36, -75, -14, -20, 118, 154, -139, 35, -7, 38, -70, 45, -66, -28, -61, -3, 45, 199, -134, 25, -19, -18, 7, 41, -60,
-47, -35, 24, -63, 177, -83, -62, 7, 90, 6, 79, -68, -83, -48, -23, 12, 124, -119, -6, 18, 39, -24, 112, 9, -31, -86, -7, -69, 145, -80, 55, 2, 76, -59, 109,
53, -38, -70, -81, -98, 203, -67, 68, -44, 64, -43, 111, -25, -30, -35, -30, -102, 100, -51, 91, -39, 43, -24, 101, 13, -66, -26, 2, -10, 96, -98, 12, -42, -13, -53,
86, 0, -68, 3, 47, 164, 1, -130, -26, -92, -4, -47, 54, -89, -18, 18, -39, 248, -17, -187, -70, -93, -1, 30, 105, -73, -57, -14, -19, 278, -13, -248, -58, -26, 4,
-3, 124, -110, -33, -28, -17, 321, -163, -257, 0, 24, 30, -32, 170, -90, -121, -30, -16, 0, 0, 0, 0, 0, 0, 0, 0, 0, 0, 0, 0, 0, 0, 0, 0, 0,
0, 0, 0, 0, 0, 0, 0, 0, 0, 0, 0, 0, 0, 0, 0, 0, 0, 0, 0, 0, 0, 0, 0, 0, 0, 0, 0, 0, 0, 0, 0, 0, 0, 0, 0,
0, 0, 0, 0, 0, 0, 0, 0, 0, 0, 0, 0, 0, 0, 0, 0, 0, 0, 0, 0, 0, 0, 0, 0, 0, 0, 0, 0, 0, 0, 0, 0, 0, 0, 0,
0, 0, 0, 0, 0, 0, 0, 0, 0, 0, 0, 0, 0, 0, 0, 0, 0, 0, 0, 0, 0, 0, 0, 0, 0, 0, 0, 0, 0, 0, 0, 0, 0, 0, 0,
0, 0, 0, 0, 0, 0, 0, 0, 0, 0, 0, 0, 0, 0, 0, 0, 0, 0, 0, 0, 0, 0, 0, 0, 0, 0, 0, 0, 0, 0, 0, 0, 0, 0, 0,
0, 0, 0, 0, 0, 0, 0, 0, 0, 0, 0, 0, 0, 0, 0, 0, 0, 0, 0, 0, 0, 0, 0, 0, 0, 0, 0, 0, 0, 0, 0, 0, 0, 0, 0,
0, 0, 0, 0, 0, 0, 0, 0, 0, 0, 0, 0, 0, 0, 0, 0, 0, 0, 0, 0, 0, 0, 0, 0, 0, 0, 0, 0, 0, 0, 0, 0, 0, 0, 0,
0, 0, 0, 0, 0, 0, 0, 0, 0, 0, 0, 0, 0, 0, 0, 0, 0, 0, 0, 0, 0, 0, 0, 0, 0, 0, 0, 0, 0, 0, 0, 0, 0, 0, 0,
0, 0, 0, 0, 0, 0, 0, 0, 0, 0, 0, 0, 0, 0, 0, 0, 0, 0, 0, 0, 0, 0, 0, 0, 0, 0, 0, 0, 0, 0, 0, 0, 0, 0, 0,
0, 0, 0, 0, 0, 0, 0, 0, 0, 0, 0, 0, 0, 0, 0, 0, 0, 0, 0, 0, 0, 0, 0, 0, 0, 0, 0, 0, 0, 0, 0, 0, 0, 0, 0,
0, 0, 0, 0, 0, 0, 0, 0, 0, 0, 0, 0, 0, 0, 0, 0, 0, 0, 0, 0, 0, 0, 0, 0, 0, 0, 0, 0, 0, 0, 0, 0, 0, 0, 0,
0, 0, 0, 0, 0, 0, 0, 0, 0, 0, 0, 0, 0, 0, 0, 0, 0, 0, 0, 0, 0, 0, 0, 0, 0, 0, 0, 0, 0, 0, 0, 0, 0, 0, 0,
0, 0, 0, 0, 0, 0, 0, 0, 0, 0, 0, 0, 0, 0, 0, 0, 0, 0, 0, 0, 0, 0, 0, 0, 0, 0, 0, 0, 0, 0, 0, 0, 0, 0, 0,
0, 0, 0, 0, 0, 0, 0, 0, 0, 0, 0, 0, 0, 0, 0, 0, 0, 0, 0, 0, 0, 0, 0, 0, 0, 0, 0, 0, 0, 0, 0, 0, 0, 0, 0,
0, 0, 0, 0, 0, 0, 0, 0, 0, 0, 0, 0, 0, 0, 0, 0, 0, 0, 0, 0, 0, 0, 0, 0, 0, 0, 0, 0, 0, 0, 0, 0, 0, 0, 0,
0, 0, 0, 0, 0, 0, 0, 0, 0, 0, 0, 0, 0, 0, 0, 0, 0, 0, 0, 0, 0, 0, 0, 0, 0, 0, 0, 0, 0, 0, 0, 0, 0, 0, 0,
0, 0, 0, 0, 0, 0, 0, 0, 0, 0, 0, 0, 0, 0, 0, 0, 0, 0, 0, 0, 0, 0, 0, 0, 0, 0, 0, 0, 0, 0, 0, 0, 0, 0, 0,
0, 0, 0, 0, 0, 0, 0, 0, 0, 0, 0, 0, 0, 0, 0, 0, 0, 0, 0, 0, 0, 0, 0, 0, 0, 0, 0, 0, 0, 0, 0, 0, 0, 0, 0,
0, 0, 0, 0, 0, 0, 0, 0, 0, 0, 0, 0, 0, 0, 0, 0, 0, 0, 0, 0, 0, 0, 0, 0, 0, 0, 0, 0, 0, 0, 0, 0, 0, 0, 0,
0, 0, 0, 0, 0, 0, 0, 0, 0, 0, 0, 0, 0, 0, 0, 0, 0, 0, 0, 0, 0, 0, 0, 0, 0, 0, 0, 0, 0, 0, 0, 0, 0, 0, 0,
0, 0, 0, 0, 0, 0, 0, 0, 0, 0, 0, 0, 0, 0, 0, 0, 0, 0, 0, 0, 0, 0, 0, 0, 0, 0, 0, 0, 0, 0, 0, 0, 0, 0, 0,
0, 0, 0, 0, 0, 0, 0, 0, 0, 0, 0, 0, 0, 0, 0, 0, 0, 0, 0, 0, 0, 0, 0, 0, 0, 0, 0, 0, 0, 0, 0, 0, 0, 0, 0,
0, 0, 0, 0, 0, 0, 0, 0, 0, 0, 0, 0, 0, 0, 0, 0, 0, 0, 0, 0, 0, 0, 0, 0, 0, 0, 0, 0, 0, 0, 0, 0, 0, 0, 0,
0, 0, 0, 0, 0, 0, 0, 0, 0, 0, 0, 0, 0, 0, 0, 0, 0, 0, 0, 0, 0, 0, 0, 0, 0, 0, 0, 0, 0, 0, 0, 0, 0, 0, 0,
0, 0, 0, 0, 0, 0, 0, 0, 0, 0, 0, 0, 0, 0, 0, 0, 0, 0, 0, 0, 0, 0, 0, 0, 0, 0, 0, 0, 0, 0, 0, 0, 0, 0, 0,
0, 0, 0, 0, 0, 0, 0, 0, 0, 0, 0, 0, 0, 0, 0, 0, 0, 0, 0, 0, 0, 0, 0, 0, 0, 0, 0, 0, 0, 0, 0, 0, 0, 0, 0,
0, 0, 0, 0, 0, 0, 0, 0, 0, 0, 0, 0, 0, 0, 0, 0, 0, 0, 0, 0, 0, 0, 0, 0, 0, 0, 0, 0, 0, 0, 0, 0, 0, 0, 0,
0, 0, 0, 0, 0, 0, 0, 0, 0, 0, 0, 0, 0, 0, 0, 0, 0, 0, 0, 0, 0, 0, 0, 0, 0, 0, 0, 0, 0, 0, 0, 0, 0, 0, 0,
0, 0, 0, 0, 0, 0, 0, 0, 0, 0, 0, 0, 0, 0, 0, 0, 0, 0, 0, 0, 0, 0, 0, 0, 0, 0, 0, 0, 0, 0, 0, 0, 0, 0, 0,
0, 0, 0, 0, 0, 0, 0, 0, 0, 0, 0, 0, 0, 0, 0, 0, 0, 0, 0, 0, 0, 0, 0, 0, 0, 0, 0, 0, 0, 0, 0, 0, 0, 0, 0,
0, 0, 0, 0, 0, 0, 0, 0, 0, 0, 0, 0, 0, 0, 0, 0, 0, 0, 0, 0, 0, 0, 0, 0, 0, 0, 0, 0, 0, 0, 0, 0, 0, 0, 0,
0, 0, 0, 0, 0, 0, 0, 0, 0, 0, 0, 0, 0, 0, 0, 0, 0, 0, 0, 0, 0, 0, 0, 0, 0, 0, 0, 0, 0, 0, 0, 0, 0, 0, 0,
0, 0, 0, 0, 0, 0, 0, 0, 0, 0, 0, 0, 0, 0, 0, 0, 0, 0, 0, 0, 0, 0, 0, 0, 0, 0, 0, 0, 0, 0, 0, 0, 0, 0, 0,
0, 0, 0, 0, 0, 0, 0, 0, 0, 0, 0, 0, 0, 0, 0, 0, 0, 0, 0, 0, 0, 0, 0, 0, 0, 0, 0, 0, 0, 0, 0, 0, 0, 0, 0,
0, 0, 0, 0, 0, 0, 0, 0, 0, 0, 0, 0, 0, 0, 0, 0, 0, 0, 0, 0, 0, 0, 0, 0, 0, 0, 0, 0, 0, 0, 0, 0, 0, 0, 0,
0, 0, 0, 0, 0, 0, 0, 0, 0, 0, 0, 0, 0, 0, 0, 0, 0, 0, 0, 0, 0, 0, 0, 0, 0, 0, 0, 0, 0, 0, 0, 0, 0, 0, 0,
0, 0, 0, 0, 0, 0, 0, 0, 0, 0, 0, 0, 0, 0, 0, 0, 0, 0, 0, 0, 0, 0, 0, 0, 0, 0, 0, 0, 0, 0, 0, 0, 0, 0, 0,
0, 0, 0, 0, 0, 0, 0, 0, 0, 0, 0, 0, 0, 0, 0, 0, 0, 0, 0, 0, 0, 0, 0, 0, 0, 0, 0, 0, 0, 0, 0, 0, 0, 0, 0,
0, 0, 0, 0, 0, 0, 0, 0, 0, 0, 0, 0, 0, 0, 0, 0, 0, 0, 0, 0, 0, 0, 0, 0, 0, 0, 0, 0, 0, 0, 0, 0, 0, 0, 0,
0, 0, 0, 0, 0, 0, 0, 0, 0, 0, 0, 0, 0, 0, 0, 0, 0, 0, 0, 0, 0, 0, 0, 0, 0, 0, 0, 0, 0, 0, 0, 0, 0, 0, 0,
0, 0, 0, 0, 0, 0, 0, 0, 0, 0, 0, 0, 0, 0, 0, 0, 0, 0, 0, 0, 0, 0, 0, 0, 0, 0, 0, 0, 0, 0, 0, 0, 0, 0, 0,
0, 0, 0, 0, 0, 0, 0, 0, 0, 0, 0, 0, 0, 0, 0, 0, 0, 0, 0, 0, 0, 0, 0, 0, 0, 0, 0, 0, 0, 0, 0, 0, 0, 0, 0,
0, 0, 0, 0, 0, 0, 0, 0, 0, 0, 0, 0, 0, 0, 0, 0, 0, 0, 0, 0, 0, 0, 0, 0, 0, 0, 0, 0, 0, 0, 0, 0, 0, 0, 0,
0, 0, 0, 0, 0, 0, 0, 0, 0, 0, 0, 0, 0, 0, 0, 0, 0, 0, 0, 0, 0, 0, 0, 0, 0, 0, 0, 0, 0, 0, 0, 0, 0, 0, 0,
0, 0, 0, 0, 0, 0, 0, 0, 0, 0, 0, 0, 0, 0, 0, 0, 0, 0, 0, 0, 0, 0, 0, 0, 0, 0, 0, 0, 0, 0, 0, 0, 0, 0, 0,
0, 0, 0, 
print model ok!
start rec...
get noise again...
speeking...
frm_num=98
-77, 24, 14, 24, 19, 23, 20, 23, 22, 23, 20, 20, 205, 97, 32, 36, 43, -19, -65, 3, -8, -65, -61, -18, 204, 112, 45, 52, 39, -25, -24, 14, -28, -66, -33,
-26, 223, 127, 53, 38, 12, -31, -3, 13, -34, -61, -17, -38, 206, 100, 53, 63, 35, -17, -27, -5, -1, -21, -44, -75, 198, 69, 61, 24, 17, -18, -7, 44, 3, -38,
-13, -41, 143, 73, 51, 61, 62, -34, -54, 39, 15, -12, -26, -41, 158, 70, 30, 43, 42, -40, -63, -6, 60, 19, -11, -18, 137, 79, 0, 69, 18, -39, -56, 28, -31,
16, 29, -3, -13, 147, -32, 149, 26, 23, -69, 75, -36, -25, -57, 6, -122, 230, -45, 169, 22, 50, -59, 27, -31, -16, -55, -12, -96, 186, -20, 115, 5, 62, -121, 19,
40, -36, -87, 5, 28, 250, -34, -100, -56, 27, -52, 20, 45, -39, -90, 17, 164, 149, -81, -205, -36, 28, -15, 8, 75, -94, -90, 14, 232, 71, -192, -165, -25, 28, 33,
23, 2, -87, -75, -6, 283, 27, -226, -117, 11, 27, 3, 8, -35, -54, -80, -16, 262, -34, -139, -61, 32, 38, 7, -32, -96, -13, -22, -16, 299, -96, -210, -66, 44, 53,
11, -13, -93, -35, -22, -44, 322, -82, -294, -42, 75, 21, 25, 4, -84, 12, -80, -35, 323, -141, -218, -4, 8, 48, 47, -10, -107, 2, -32, -34, 315, -165, -218, 32, -19,
53, 78, -37, -131, -19, -3, -28, 242, -148, -178, 41, 67, 32, 28, -26, -153, 9, 0, -21, 284, -143, -180, 15, 46, 17, 57, -25, -91, 23, -36, -42, 273, -111, -186, 54,
46, 10, 64, -20, -103, 9, -49, -32, 283, -65, -185, -4, 47, 48, 46, -32, -78, -38, -74, -7, 368, -101, -193, -10, 21, 96, 42, -50, -134, -21, -2, -26, 381, -106, -204,
-8, 15, 89, 31, -40, -133, -7, -28, -35, 394, -101, -150, -27, 6, 42, 65, -33, -91, -34, -44, -15, 382, -99, -169, -49, 23, 42, 41, -28, -38, -61, -61, -6, 359, -48,
-64, -55, 4, 50, 56, -1, -76, -68, -48, 8, 352, -76, -69, -54, -58, 39, 10, -5, -50, -57, -34, -10, 380, -54, -140, -22, -5, 29, -3, -39, -59, -20, 17, -15, 360,
-71, -115, -34, -52, 15, 44, -23, -58, -17, 24, -47, 347, -51, -112, -55, -53, 6, 27, -2, -39, -11, -23, -55, 355, -68, -68, -30, -85, -27, -10, 41, -10, -33, -23, -68,
392, -38, -101, -95, -69, 16, 1, 5, -5, -30, -47, -72, 409, -27, -62, -123, -135, 45, 71, -1, -49, -42, -76, -63, 405, -24, -93, -135, -79, 88, 16, 12, -37, -59, -80,
-24, 343, -17, -98, -157, -41, 53, 21, -19, -16, -61, -121, 20, 314, -16, -121, -200, -54, 50, 48, -18, -15, -43, -108, 20, 273, -38, -116, -198, -109, 25, 44, 30, 7, -69,
-112, 26, 215, -31, -83, -165, -52, -10, 52, 37, 21, -60, -154, 50, 235, 18, -86, -164, -33, 22, 20, 24, 18, -41, -134, 23, 243, 19, -143, -97, -48, 73, 27, 57, -31,
-29, -83, 8, 141, 0, -204, -120, -2, 16, -9, 62, 13, -13, -104, 40, 132, 34, -113, 14, 65, 68, -49, 32, -82, -7, -72, -4, 59, 9, -104, -63, 40, 46, 21, 78,
-23, -51, -105, 4, 43, 18, -125, -6, -33, 62, 38, 100, -21, -29, -86, -23, 19, 31, -77, -36, -28, 31, -14, 65, -45, -34, -72, -27, 81, 1, -42, 58, 23, -47, -34,
38, -20, -17, -46, -22, 121, 12, -50, 33, 14, -3, -65, -9, -67, -38, 1, 34, 101, 38, -1, 15, 33, 30, -71, 15, -41, -40, -32, -10, 146, -7, -95, -31, 11, -22,
10, 80, -14, -39, -64, -31, 120, -83, -97, -56, 28, 36, -12, 72, 29, -39, -70, -35, -16, -112, -22, -110, 45, 73, 25, 95, 42, -43, -72, -13, 33, -69, -31, -106, -2,
64, 13, 117, 4, -23, -37, -17, 146, 25, -33, -44, 35, 7, -12, 35, -33, -66, -70, -37, 307, 68, -32, -84, -67, -71, 12, 26, -44, -13, -13, -32, 335, 34, -46, -143,
-34, -82, 16, 60, -90, -69, -17, -6, 344, 62, -89, -127, -42, -88, 30, 23, -48, -8, -51, -12, 362, 99, -69, -99, -95, -77, -5, 38, -25, 0, -61, -10, 390, 0, -128,
-146, -21, 8, 26, 21, -37, -46, -85, 0, 316, -47, -129, -124, -19, 46, 26, -33, -5, -3, -110, 33, 291, -56, -129, -156, 45, 113, -24, -47, 25, -52, -145, 85, 262, -23,
-107, -121, 71, 86, -43, -63, 26, -53, -118, 91, 261, 6, -70, -196, 94, 30, -15, -3, 46, -67, -120, -10, 235, 55, -13, -211, 49, 18, -30, 33, 12, -51, -72, -8, 256,
53, 30, -212, 12, 37, -25, 25, 31, -77, -53, 0, 294, 91, -38, -232, 2, 28, -44, 31, 24, -60, -38, -18, 312, 94, -23, -271, 9, 12, -26, 24, 44, -49, -38, -50,
309, 98, -15, -210, -30, -28, -35, 71, 28, -77, -7, -48, 288, 124, 0, -257, 12, 1, -65, 79, 7, -84, 5, -49, 232, 71, 30, -216, 45, 40, -59, 94, -83, -97, 49,
-41, 165, 81, 7, -243, 72, 20, -67, 64, -34, -54, 48, -31, 160, 66, 16, -184, 72, -16, -31, 21, -76, -7, 81, 2, 236, 83, 4, -118, 79, 10, -14, 37, -66, -68,
24, -12, 294, 73, -5, -116, 38, 23, -26, 28, -53, -85, -3, -15, 215, 41, -21, -89, 62, 27, -60, 54, -33, -110, -10, -13, 111, 57, -45, -79, 2, 46, -48, 56, -47,
-43, -40, -14, 69, 94, -53, -42, -76, -13, -75, 78, -31, -20, -27, -19, 69, 91, -115, -32, -61, 42, -102, 78, -31, -17, -41, -3, 26, 121, -78, -45, -34, -13, -103, 79,
0, 18, -54, 7, -2, 56, -119, -10, -17, -5, -38, 105, -67, -32, -15, 46, -22, 60, -71, 27, 46, 40, -74, 24, -52, -35, -42, 42, -70, 117, -87, 76, 27, 124, -47,
91, -123, -67, -47, 32, -101, 148, -152, 78, 14, 80, -48, 51, -49, -35, -56, 2, -63, 46, -136, 45, -20, 90, -17, 51, -2, -21, -40, 59, -117, 5, -83, 41, 19, 70,
-43, 69, 41, 17, -4, 74, 76, 63, -70, 83, -60, 47, -22, 3, -83, -11, -4, -5, 221, 39, -145, -86, -65, -7, 65, 47, -68, 0, -73, -16, 274, -34, -177, -62, -1,
-12, 72, 10, -79, -1, -42, -19, 359, -104, -210, -23, 10, 28, 12, 37, -43, -59, -47, -10, 400, -111, -277, 32, 33, 19, -5, 50, -66, -73, -52, 1, 364, -88, -243, 25,
70, -16, 14, 40, -81, -50, -59, 38, 333, -11, -192, 8, -14, 18, -7, 109, -65, -81, -34, 33, 335, -78, -209, -9, 13, 31, -25, 51, -68, -29, 0, 13, 316, -111, -212,
9, 64, -14, -62, 79, -52, -32, 38, 61, 338, -119, -189, 21, 16, -53, -23, 84, -11, -64, -24, 84, 0, 0, 0, 0, 0, 0, 0, 0, 0, 0, 0, 0, 0, 0,
0, 0, 0, 0, 0, 0, 0, 0, 0, 0, 0, 0, 0, 0, 0, 0, 0, 0, 0, 0, 0, 0, 0, 0, 0, 0, 0, 0, 0, 0, 0, 0, 0, 0, 0,
0, 0, 0, 0, 0, 0, 0, 0, 0, 0, 0, 0, 0, 0, 0, 0, 0, 0, 0, 0, 0, 0, 0, 0, 0, 0, 0, 0, 0, 0, 0, 0, 0, 0, 0,
0, 0, 0, 0, 0, 0, 0, 0, 0, 0, 0, 0, 0, 0, 0, 0, 0, 0, 0, 0, 0, 0, 0, 0, 0, 0, 0, 0, 0, 0, 0, 0, 0, 0, 0,
0, 0, 0, 0, 0, 0, 0, 0, 0, 0, 0, 0, 0, 0, 0, 0, 0, 0, 0, 0, 0, 0, 0, 0, 0, 0, 0, 0, 0, 0, 0, 0, 0, 0, 0,
0, 0, 0, 0, 0, 0, 0, 0, 0, 0, 0, 0, 0, 0, 0, 0, 0, 0, 0, 0, 0, 0, 0, 0, 0, 0, 0, 0, 0, 0, 0, 0, 0, 0, 0,
0, 0, 0, 0, 0, 0, 0, 0, 0, 0, 0, 0, 0, 0, 0, 0, 0, 0, 0, 0, 0, 0, 0, 0, 0, 0, 0, 0, 0, 0, 0, 0, 0, 0, 0,
0, 0, 0, 0, 0, 0, 0, 0, 0, 0, 0, 0, 0, 0, 0, 0, 0, 0, 0, 0, 0, 0, 0, 0, 0, 0, 0, 0, 0, 0, 0, 0, 0, 0, 0,
0, 0, 0, 0, 0, 0, 0, 0, 0, 0, 0, 0, 0, 0, 0, 0, 0, 0, 0, 0, 0, 0, 0, 0, 0, 0, 0, 0, 0, 0, 0, 0, 0, 0, 0,
0, 0, 0, 0, 0, 0, 0, 0, 0, 0, 0, 0, 0, 0, 0, 0, 0, 0, 0, 0, 0, 0, 0, 0, 0, 0, 0, 0, 0, 0, 0, 0, 0, 0, 0,
0, 0, 0, 0, 0, 0, 0, 0, 0, 0, 0, 0, 0, 0, 0, 0, 0, 0, 0, 0, 0, 0, 0, 0, 0, 0, 0, 0, 0, 0, 0, 0, 0, 0, 0,
0, 0, 0, 0, 0, 0, 0, 0, 0, 0, 0, 0, 0, 0, 0, 0, 0, 0, 0, 0, 0, 0, 0, 0, 0, 0, 0, 0, 0, 0, 0, 0, 0, 0, 0,
0, 0, 0, 0, 0, 0, 0, 0, 0, 0, 0, 0, 0, 0, 0, 0, 0, 0, 0, 0, 0, 0, 0, 0, 0, 0, 0, 0, 0, 0, 0, 0, 0, 0, 0,
0, 0, 0, 0, 0, 0, 0, 0, 0, 0, 0, 0, 0, 0, 0, 0, 0, 0, 0, 0, 0, 0, 0, 0, 0, 0, 0, 0, 0, 0, 0, 0, 0, 0, 0,
0, 0, 0, 0, 0, 0, 0, 0, 0, 0, 0, 0, 0, 0, 0, 0, 0, 0, 0, 0, 0, 0, 0, 0, 0, 0, 0, 0, 0, 0, 0, 0, 0, 0, 0,
0, 0, 0, 0, 0, 0, 0, 0, 0, 0, 0, 0, 0, 0, 0, 0, 0, 0, 0, 0, 0, 0, 0, 0, 0, 0, 0, 0, 0, 0, 0, 0, 0, 0, 0,
0, 0, 0, 0, 0, 0, 0, 0, 0, 0, 0, 0, 0, 0, 0, 0, 0, 0, 0, 0, 0, 0, 0, 0, 0, 0, 0, 0, 0, 0, 0, 0, 0, 0, 0,
0, 0, 0, 0, 0, 0, 0, 0, 0, 0, 0, 0, 0, 0, 0, 0, 0, 0, 0, 0, 0, 0, 0, 0, 0, 0, 0, 0, 0, 0, 0, 0, 0, 0, 0,
0, 0, 0, 0, 0, 0, 0, 0, 0, 0, 0, 0, 0, 0, 0, 0, 0, 0, 0, 0, 0, 0, 0, 0, 0, 0, 0, 0, 0, 0, 0, 0, 0, 0, 0,
0, 0, 0, 0, 0, 0, 0, 0, 0, 0, 0, 0, 0, 0, 0, 0, 0, 0, 0, 0, 0, 0, 0, 0, 0, 0, 0, 0, 0, 0, 0, 0, 0, 0, 0,
0, 0, 0, 0, 0, 0, 0, 0, 0, 0, 0, 0, 0, 0, 0, 0, 0, 0, 0, 0, 0, 0, 0, 0, 0, 0, 0, 0, 0, 0, 0, 0, 0, 0, 0,
0, 0, 0, 0, 0, 0, 0, 0, 0, 0, 0, 0, 0, 0, 0, 0, 0, 0, 0, 0, 0, 0, 0, 0, 0, 0, 0, 0, 0, 0, 0, 0, 0, 0, 0,
0, 0, 0, 0, 0, 0, 0, 0, 0, 0, 0, 0, 0, 0, 0, 0, 0, 0, 0, 0, 0, 0, 0, 0, 0, 0, 0, 0, 0, 0, 0, 0, 0, 0, 0,
0, 0, 0, 0, 0, 0, 0, 0, 0, 0, 0, 0, 0, 0, 0, 0, 0, 0, 0, 0, 0, 0, 0, 0, 0, 0, 0, 0, 0, 0, 0, 0, 0, 0, 0,
0, 0, 0, 0, 0, 0, 0, 0, 0, 0, 0, 0, 0, 0, 0, 0, 0, 0, 0, 0, 0, 0, 0, 0, 0, 0, 0, 0, 0, 0, 0, 0, 0, 0, 0,
0, 0, 0, 0, 0, 0, 0, 0, 0, 0, 0, 0, 0, 0, 0, 0, 0, 0, 0, 0, 0, 0, 0, 0, 0, 0, 0, 0, 0, 0, 0, 0, 0, 0, 0,
0, 0, 0, 0, 0, 0, 0, 0, 0, 0, 0, 0, 0, 0, 0, 0, 0, 0, 0, 0, 0, 0, 0, 0, 0, 0, 0, 0, 0, 0, 0, 0, 0, 0, 0,
0, 0, 0, 0, 0, 0, 0, 0, 0, 0, 0, 0, 0, 0, 0, 0, 0, 0, 0, 0, 0, 0, 0, 0, 0, 0, 0, 0, 0, 0, 0, 0, 0, 0, 0,
0, 0, 0, 0, 0, 0, 0, 0, 0, 0, 0, 0, 0, 0, 0, 0, 0, 0, 0, 0, 0, 0, 0, 0, 0, 0, 0, 0, 0, 0, 0, 0, 0, 0, 0,
0, 0, 0, 0, 0, 0, 0, 0, 0, 0, 0, 0, 0, 0, 0, 0, 0, 0, 0, 0, 0, 0, 0, 0, 0, 0, 0, 0, 0, 0, 0, 0, 0, 0, 0,
0, 0, 0, 0, 0, 0, 0, 0, 0, 0, 0, 0, 0, 0, 0, 0, 0, 0, 0, 0, 0, 0, 0, 0, 0, 0, 0, 0, 0, 0, 0, 0, 0, 0, 0,
0, 0, 0, 0, 0, 0, 0, 0, 0, 0, 0, 0, 0, 0, 0, 0, 0, 0, 0, 0, 0, 0, 0, 0, 0, 0, 0, 0, 0, 0, 0, 0, 0, 0, 0,
0, 0, 0, 0, 0, 0, 0, 0, 0, 0, 0, 0, 0, 0, 0, 0, 0, 0, 0, 0, 0, 0, 0, 0, 0, 0, 0, 0, 0, 0, 0, 0, 0, 0, 0,
0, 0, 0, 0, 0, 0, 0, 0, 0, 0, 0, 0, 0, 0, 0, 0, 0, 0, 0, 0, 0, 0, 0, 0, 0, 0, 0, 0, 0, 0, 0, 0, 0, 0, 0,
0, 0, 0, 0, 0, 0, 0, 0, 0, 0, 0, 0, 0, 0, 0, 0, 0, 0, 0, 0, 0, 0, 0, 0, 0, 0, 0, 0, 0, 0, 0, 0, 0, 0, 0,
0, 0, 0, 0, 0, 0, 0, 0, 0, 0, 0, 0, 0, 0, 0, 0, 0, 0, 0, 0, 0, 0, 0, 0, 0, 0, 0, 0, 0, 0, 0, 0, 0, 0, 0,
0, 0, 0, 0, 0, 0, 0, 0, 0, 0, 0, 0, 0, 0, 0, 0, 0, 0, 0, 0, 0, 0, 0, 0, 0, 0, 0, 0, 0, 0, 0, 0, 0, 0, 0,
0, 0, 0, 0, 0, 0, 0, 0, 0, 0, 0, 0, 0, 0, 0, 0, 0, 0, 0, 0, 0, 0, 0, 0, 0, 0, 0, 0, 0, 0, 0, 0, 0, 0, 0,
0, 0, 0, 0, 0, 0, 0, 0, 0, 0, 0, 0, 0, 0, 0, 0, 0, 0, 0, 0, 0, 0, 0, 0, 0, 0, 0, 0, 0, 0, 0, 0, 0, 0, 0,
0, 0, 0, 0, 0, 0, 0, 0, 0, 0, 0, 0, 0, 0, 0, 0, 0, 0, 0, 0, 0, 0, 0, 0, 0, 0, 0, 0, 0, 0, 0, 0, 0, 0, 0,
0, 0, 0, 0, 0, 0, 0, 0, 0, 0, 0, 0, 0, 0, 0, 0, 0, 0, 0, 0, 0, 0, 0, 0, 0, 0, 0, 0, 0, 0, 0, 0, 0, 0, 0,
0, 0, 0, 0, 0, 0, 0, 0, 0, 0, 0, 0, 0, 0, 0, 0, 0, 0, 0, 0, 0, 0, 0, 0, 0, 0, 0, 0, 0, 0, 0, 0, 0, 0, 0,
0, 0, 0, 
print model ok!

start rec...
get noise again...
speeking...
frm_num=80
-84, 30, 18, 29, 24, 29, 27, 31, 30, 30, 27, 27, 94, 63, 105, 69, -24, -113, -52, 17, -5, 8, 52, 55, 122, 79, 58, 89, 25, -88, -73, 27, 11, 2, 46,
57, 174, 83, 90, 17, 2, -36, -66, -3, -21, 10, 35, 13, 205, 93, 31, 41, 46, -60, -40, 25, -53, -39, -5, 34, 176, 67, 90, 49, 52, -37, -42, 0, -15, -38,
-5, -13, 169, 69, 26, 102, 36, -54, -32, 22, -33, -25, -35, -3, 57, 142, -51, 184, 1, 9, -10, 54, -42, -17, -24, -16, -138, 208, 13, 158, 6, 10, -13, 9, 22,
-34, -23, -3, -176, 272, -120, 159, 65, 21, -30, 16, 32, -23, 16, 14, -124, 209, -20, 143, 62, 11, -38, -9, 42, -24, -68, 12, -24, 216, -27, -25, -6, -70, -40, 12,
42, -38, -80, 21, 91, 146, -40, -126, -63, -69, 49, 36, 7, -78, -82, 25, 159, 53, -168, -123, -99, -4, 71, -14, -57, -95, -57, -7, 214, -54, -203, -165, -17, 36, 84,
-8, -138, -42, -35, -20, 197, -149, -251, -98, -41, -6, 59, -10, -147, -24, 32, -37, 220, -217, -242, -24, -17, -52, 38, -49, -70, -13, 56, 25, 254, -217, -190, 5, -4, -130,
-15, 35, -74, -56, 48, 45, 238, -194, -215, 14, 41, -121, -20, 41, -39, -56, -3, -44, 270, -258, -203, 61, 122, -81, 36, -49, -119, -14, 16, -63, 279, -220, -229, 7, 148,
-31, 6, -23, -87, -41, -3, -53, 351, -191, -231, 8, 67, -43, 34, 17, -98, -21, 7, -30, 339, -168, -199, 23, 37, -12, 34, -56, -127, -11, 53, -31, 319, -157, -185, -37,
67, -38, 13, 7, -114, 0, -22, -53, 322, -199, -187, -23, 73, -39, -9, 23, -118, -41, -9, -46, 282, -102, -132, 7, 50, -9, -4, 0, -62, -31, -18, 9, 298, -131, -178,
10, 54, 52, 35, -36, -52, -56, -44, -15, 315, -113, -61, -15, -16, -8, 14, 6, -63, -56, 39, 34, 364, -111, -95, -86, -7, -16, -1, 31, -54, -49, 43, -27, 354, -9,
-110, -102, 12, 0, 2, 45, -24, -92, -54, 12, 348, -102, -122, -13, 19, -4, -20, 13, -30, -98, 41, -38, 343, -44, -170, -15, 31, -31, -25, -25, -73, -19, 58, -11, 399,
-108, -167, -88, 29, -35, -27, -5, -26, 8, 40, -7, 371, -97, -145, -106, -23, 14, -9, -25, 26, -10, -12, -18, 337, -41, -91, -97, -80, 3, -9, 31, 4, -54, 7, -65,
369, -28, -88, -98, -73, -11, -22, 42, 3, -87, -15, -57, 375, 21, -61, -178, -39, -22, -12, 40, 0, -50, -55, -50, 350, 24, -46, -199, -24, -53, 18, 90, -61, -73, -76,
-6, 332, -34, -11, -152, -57, 4, 52, 26, -27, -57, -141, -19, 272, 25, -48, -122, 19, -17, 47, 26, -30, 6, -130, 12, 211, 62, -67, -8, -15, 32, -22, 51, -51, -23,
-46, 25, 136, 100, -125, 0, 4, 26, -92, 15, -60, 5, -18, 46, 103, 112, -111, 11, 69, 17, -84, 39, -48, 20, -26, 5, 52, 53, -135, 13, 41, 64, 17, 41, -106,
-69, -85, -31, 73, 2, -95, -6, 5, 30, 43, 86, -61, -57, -90, -46, 178, 17, -108, 8, 3, 34, -56, 111, 0, -58, -59, 35, 191, 36, -118, -45, 17, 15, -26, 35,
-42, -14, -25, -10, 198, 61, -56, -24, 3, -22, -15, 85, -22, -32, -45, -9, 140, 14, -54, 19, -6, 9, 25, 27, -52, -72, -98, -8, 83, -86, 56, -58, -19, 84, 0,
62, -5, -98, -58, -20, 82, -62, 62, -25, 21, 80, -57, 39, 26, -62, -78, -12, 83, 32, 35, -6, 44, 49, -63, 39, -9, -32, -7, 27, 145, 67, 73, -52, -12, -23,
-114, 51, -67, -52, 23, 6, 280, 44, -28, -126, -68, -92, -51, 68, -57, -58, -30, -55, 281, 43, -5, -109, -87, -102, -55, 5, -7, 12, -18, -45, 309, 19, -14, -94, -104,
-140, -98, 112, 42, -11, 11, 20, 329, 50, -82, -153, -117, -119, 10, 48, 1, -35, 15, 18, 321, -67, -136, -210, -12, -38, -1, 2, 24, -57, -97, 59, 269, -31, -93, -242,
42, 26, 2, -23, 10, -50, -81, 52, 232, -63, -4, -237, -4, 22, -1, -1, 3, -6, -73, 47, 269, 40, -15, -268, -2, 42, -23, -28, -27, 19, -40, 62, 291, 45, -65,
-316, 25, 37, 53, 60, -55, -96, -46, 34, 342, 10, -113, -216, 49, 1, -27, 64, -11, -77, -58, 30, 277, 47, -43, -200, -27, -1, -30, 60, 11, -66, -32, 20, 269, 106,
-66, -217, 8, -27, -18, 68, -11, -37, -42, -20, 332, 77, -54, -224, -37, -47, 0, 61, 2, -54, -42, 0, 341, 73, -44, -235, 12, 27, -30, 59, -15, -122, -7, -1, 277,
126, -27, -245, 77, 26, -12, 25, -88, -71, 9, 25, 150, 44, 44, -134, 156, -18, -40, 48, -84, -119, -21, 26, 169, 17, 27, -102, 50, -4, -70, 29, -44, -81, -3, 40,
236, 71, 8, -108, 26, 17, -17, 62, -49, -68, -35, 5, 291, 41, -16, -161, 77, 59, 1, 15, -86, -34, -29, 14, 207, 118, -47, -59, 85, 35, -7, 64, -106, -111, 8,
33, 123, 122, -81, -13, 19, 4, -29, 24, -87, -59, -7, 34, 48, 145, -113, 57, -28, -25, -42, 12, -42, -17, -60, 41, -35, 258, -121, 57, -50, 34, -47, 78, -12, -66,
-50, -7, -19, 150, -129, 31, -61, 56, -96, 87, -44, -10, -1, 35, -23, 141, -114, 63, -38, 62, -54, 94, -3, 23, -53, -20, -60, 175, -116, 65, -72, 43, -51, 112, 45,
-16, -81, 11, 5, 128, -98, -8, -94, 49, -60, 86, 23, -10, -38, 40, 0, 0, 0, 0, 0, 0, 0, 0, 0, 0, 0, 0, 0, 0, 0, 0, 0, 0, 0, 0,
0, 0, 0, 0, 0, 0, 0, 0, 0, 0, 0, 0, 0, 0, 0, 0, 0, 0, 0, 0, 0, 0, 0, 0, 0, 0, 0, 0, 0, 0, 0, 0, 0, 0, 0,
0, 0, 0, 0, 0, 0, 0, 0, 0, 0, 0, 0, 0, 0, 0, 0, 0, 0, 0, 0, 0, 0, 0, 0, 0, 0, 0, 0, 0, 0, 0, 0, 0, 0, 0,
0, 0, 0, 0, 0, 0, 0, 0, 0, 0, 0, 0, 0, 0, 0, 0, 0, 0, 0, 0, 0, 0, 0, 0, 0, 0, 0, 0, 0, 0, 0, 0, 0, 0, 0,
0, 0, 0, 0, 0, 0, 0, 0, 0, 0, 0, 0, 0, 0, 0, 0, 0, 0, 0, 0, 0, 0, 0, 0, 0, 0, 0, 0, 0, 0, 0, 0, 0, 0, 0,
0, 0, 0, 0, 0, 0, 0, 0, 0, 0, 0, 0, 0, 0, 0, 0, 0, 0, 0, 0, 0, 0, 0, 0, 0, 0, 0, 0, 0, 0, 0, 0, 0, 0, 0,
0, 0, 0, 0, 0, 0, 0, 0, 0, 0, 0, 0, 0, 0, 0, 0, 0, 0, 0, 0, 0, 0, 0, 0, 0, 0, 0, 0, 0, 0, 0, 0, 0, 0, 0,
0, 0, 0, 0, 0, 0, 0, 0, 0, 0, 0, 0, 0, 0, 0, 0, 0, 0, 0, 0, 0, 0, 0, 0, 0, 0, 0, 0, 0, 0, 0, 0, 0, 0, 0,
0, 0, 0, 0, 0, 0, 0, 0, 0, 0, 0, 0, 0, 0, 0, 0, 0, 0, 0, 0, 0, 0, 0, 0, 0, 0, 0, 0, 0, 0, 0, 0, 0, 0, 0,
0, 0, 0, 0, 0, 0, 0, 0, 0, 0, 0, 0, 0, 0, 0, 0, 0, 0, 0, 0, 0, 0, 0, 0, 0, 0, 0, 0, 0, 0, 0, 0, 0, 0, 0,
0, 0, 0, 0, 0, 0, 0, 0, 0, 0, 0, 0, 0, 0, 0, 0, 0, 0, 0, 0, 0, 0, 0, 0, 0, 0, 0, 0, 0, 0, 0, 0, 0, 0, 0,
0, 0, 0, 0, 0, 0, 0, 0, 0, 0, 0, 0, 0, 0, 0, 0, 0, 0, 0, 0, 0, 0, 0, 0, 0, 0, 0, 0, 0, 0, 0, 0, 0, 0, 0,
0, 0, 0, 0, 0, 0, 0, 0, 0, 0, 0, 0, 0, 0, 0, 0, 0, 0, 0, 0, 0, 0, 0, 0, 0, 0, 0, 0, 0, 0, 0, 0, 0, 0, 0,
0, 0, 0, 0, 0, 0, 0, 0, 0, 0, 0, 0, 0, 0, 0, 0, 0, 0, 0, 0, 0, 0, 0, 0, 0, 0, 0, 0, 0, 0, 0, 0, 0, 0, 0,
0, 0, 0, 0, 0, 0, 0, 0, 0, 0, 0, 0, 0, 0, 0, 0, 0, 0, 0, 0, 0, 0, 0, 0, 0, 0, 0, 0, 0, 0, 0, 0, 0, 0, 0,
0, 0, 0, 0, 0, 0, 0, 0, 0, 0, 0, 0, 0, 0, 0, 0, 0, 0, 0, 0, 0, 0, 0, 0, 0, 0, 0, 0, 0, 0, 0, 0, 0, 0, 0,
0, 0, 0, 0, 0, 0, 0, 0, 0, 0, 0, 0, 0, 0, 0, 0, 0, 0, 0, 0, 0, 0, 0, 0, 0, 0, 0, 0, 0, 0, 0, 0, 0, 0, 0,
0, 0, 0, 0, 0, 0, 0, 0, 0, 0, 0, 0, 0, 0, 0, 0, 0, 0, 0, 0, 0, 0, 0, 0, 0, 0, 0, 0, 0, 0, 0, 0, 0, 0, 0,
0, 0, 0, 0, 0, 0, 0, 0, 0, 0, 0, 0, 0, 0, 0, 0, 0, 0, 0, 0, 0, 0, 0, 0, 0, 0, 0, 0, 0, 0, 0, 0, 0, 0, 0,
0, 0, 0, 0, 0, 0, 0, 0, 0, 0, 0, 0, 0, 0, 0, 0, 0, 0, 0, 0, 0, 0, 0, 0, 0, 0, 0, 0, 0, 0, 0, 0, 0, 0, 0,
0, 0, 0, 0, 0, 0, 0, 0, 0, 0, 0, 0, 0, 0, 0, 0, 0, 0, 0, 0, 0, 0, 0, 0, 0, 0, 0, 0, 0, 0, 0, 0, 0, 0, 0,
0, 0, 0, 0, 0, 0, 0, 0, 0, 0, 0, 0, 0, 0, 0, 0, 0, 0, 0, 0, 0, 0, 0, 0, 0, 0, 0, 0, 0, 0, 0, 0, 0, 0, 0,
0, 0, 0, 0, 0, 0, 0, 0, 0, 0, 0, 0, 0, 0, 0, 0, 0, 0, 0, 0, 0, 0, 0, 0, 0, 0, 0, 0, 0, 0, 0, 0, 0, 0, 0,
0, 0, 0, 0, 0, 0, 0, 0, 0, 0, 0, 0, 0, 0, 0, 0, 0, 0, 0, 0, 0, 0, 0, 0, 0, 0, 0, 0, 0, 0, 0, 0, 0, 0, 0,
0, 0, 0, 0, 0, 0, 0, 0, 0, 0, 0, 0, 0, 0, 0, 0, 0, 0, 0, 0, 0, 0, 0, 0, 0, 0, 0, 0, 0, 0, 0, 0, 0, 0, 0,
0, 0, 0, 0, 0, 0, 0, 0, 0, 0, 0, 0, 0, 0, 0, 0, 0, 0, 0, 0, 0, 0, 0, 0, 0, 0, 0, 0, 0, 0, 0, 0, 0, 0, 0,
0, 0, 0, 0, 0, 0, 0, 0, 0, 0, 0, 0, 0, 0, 0, 0, 0, 0, 0, 0, 0, 0, 0, 0, 0, 0, 0, 0, 0, 0, 0, 0, 0, 0, 0,
0, 0, 0, 0, 0, 0, 0, 0, 0, 0, 0, 0, 0, 0, 0, 0, 0, 0, 0, 0, 0, 0, 0, 0, 0, 0, 0, 0, 0, 0, 0, 0, 0, 0, 0,
0, 0, 0, 0, 0, 0, 0, 0, 0, 0, 0, 0, 0, 0, 0, 0, 0, 0, 0, 0, 0, 0, 0, 0, 0, 0, 0, 0, 0, 0, 0, 0, 0, 0, 0,
0, 0, 0, 0, 0, 0, 0, 0, 0, 0, 0, 0, 0, 0, 0, 0, 0, 0, 0, 0, 0, 0, 0, 0, 0, 0, 0, 0, 0, 0, 0, 0, 0, 0, 0,
0, 0, 0, 0, 0, 0, 0, 0, 0, 0, 0, 0, 0, 0, 0, 0, 0, 0, 0, 0, 0, 0, 0, 0, 0, 0, 0, 0, 0, 0, 0, 0, 0, 0, 0,
0, 0, 0, 0, 0, 0, 0, 0, 0, 0, 0, 0, 0, 0, 0, 0, 0, 0, 0, 0, 0, 0, 0, 0, 0, 0, 0, 0, 0, 0, 0, 0, 0, 0, 0,
0, 0, 0, 0, 0, 0, 0, 0, 0, 0, 0, 0, 0, 0, 0, 0, 0, 0, 0, 0, 0, 0, 0, 0, 0, 0, 0, 0, 0, 0, 0, 0, 0, 0, 0,
0, 0, 0, 0, 0, 0, 0, 0, 0, 0, 0, 0, 0, 0, 0, 0, 0, 0, 0, 0, 0, 0, 0, 0, 0, 0, 0, 0, 0, 0, 0, 0, 0, 0, 0,
0, 0, 0, 0, 0, 0, 0, 0, 0, 0, 0, 0, 0, 0, 0, 0, 0, 0, 0, 0, 0, 0, 0, 0, 0, 0, 0, 0, 0, 0, 0, 0, 0, 0, 0,
0, 0, 0, 0, 0, 0, 0, 0, 0, 0, 0, 0, 0, 0, 0, 0, 0, 0, 0, 0, 0, 0, 0, 0, 0, 0, 0, 0, 0, 0, 0, 0, 0, 0, 0,
0, 0, 0, 0, 0, 0, 0, 0, 0, 0, 0, 0, 0, 0, 0, 0, 0, 0, 0, 0, 0, 0, 0, 0, 0, 0, 0, 0, 0, 0, 0, 0, 0, 0, 0,
0, 0, 0, 0, 0, 0, 0, 0, 0, 0, 0, 0, 0, 0, 0, 0, 0, 0, 0, 0, 0, 0, 0, 0, 0, 0, 0, 0, 0, 0, 0, 0, 0, 0, 0,
0, 0, 0, 0, 0, 0, 0, 0, 0, 0, 0, 0, 0, 0, 0, 0, 0, 0, 0, 0, 0, 0, 0, 0, 0, 0, 0, 0, 0, 0, 0, 0, 0, 0, 0,
0, 0, 0, 0, 0, 0, 0, 0, 0, 0, 0, 0, 0, 0, 0, 0, 0, 0, 0, 0, 0, 0, 0, 0, 0, 0, 0, 0, 0, 0, 0, 0, 0, 0, 0,
0, 0, 0, 0, 0, 0, 0, 0, 0, 0, 0, 0, 0, 0, 0, 0, 0, 0, 0, 0, 0, 0, 0, 0, 0, 0, 0, 0, 0, 0, 0, 0, 0, 0, 0,
0, 0, 0, 0, 0, 0, 0, 0, 0, 0, 0, 0, 0, 0, 0, 0, 0, 0, 0, 0, 0, 0, 0, 0, 0, 0, 0, 0, 0, 0, 0, 0, 0, 0, 0,
0, 0, 0, 0, 0, 0, 0, 0, 0, 0, 0, 0, 0, 0, 0, 0, 0, 0, 0, 0, 0, 0, 0, 0, 0, 0, 0, 0, 0, 0, 0, 0, 0, 0, 0,
0, 0, 0, 0, 0, 0, 0, 0, 0, 0, 0, 0, 0, 0, 0, 0, 0, 0, 0, 0, 0, 0, 0, 0, 0, 0, 0, 0, 0, 0, 0, 0, 0, 0, 0,
0, 0, 0, 0, 0, 0, 0, 0, 0, 0, 0, 0, 0, 0, 0, 0, 0, 0, 0, 0, 0, 0, 0, 0, 0, 0, 0, 0, 0, 0, 0, 0, 0, 0, 0,
0, 0, 0, 0, 0, 0, 0, 0, 0, 0, 0, 0, 0, 0, 0, 0, 0, 0, 0, 0, 0, 0, 0, 0, 0, 0, 0, 0, 0, 0, 0, 0, 0, 0, 0,
0, 0, 0, 0, 0, 0, 0, 0, 0, 0, 0, 0, 0, 0, 0, 0, 0, 0, 0, 0, 0, 0, 0, 0, 0, 0, 0, 0, 0, 0, 0, 0, 0, 0, 0,
0, 0, 0, 0, 0, 0, 0, 0, 0, 0, 0, 0, 0, 0, 0, 0, 0, 0, 0, 0, 0, 0, 0, 0, 0, 0, 0, 0, 0, 0, 0, 0, 0, 0, 0,
0, 0, 0, 
print model ok!
start rec...
start rec...
get noise again...
speeking...
frm_num=96
-79, 35, 24, 36, 29, 35, 31, 35, 34, 36, 32, 32, 140, 105, 75, 119, 24, -27, -42, 44, -4, -53, -5, -10, 166, 82, 75, 82, 30, -9, 0, 36, -6, -53, -7,
-34, 135, 65, 70, 97, 78, -6, -34, 65, -25, -2, -27, -41, 150, 52, 68, 33, 30, -4, -28, 28, 31, -16, -7, -28, 114, 35, 38, 89, 29, -47, -41, 97, 13, -22,
15, -19, 15, 26, 21, 132, 75, 42, -6, 71, 3, -20, 9, -47, -178, 131, -54, 227, 46, 13, 14, 89, -33, -40, -41, -19, -266, 273, -37, 106, 48, 26, -5, 46, -14,
-49, -62, 53, -238, 288, 27, 97, -28, -11, -20, -8, 80, -22, -90, 53, -67, 283, -62, -48, -88, -55, -40, 7, 93, -47, -76, 7, 98, 235, -66, -146, -65, -58, 12, 5,
99, -41, -87, 21, 149, 145, -134, -194, -88, -18, 23, 9, 33, -75, -127, 5, 205, 92, -195, -78, -114, 47, 112, -3, -38, -60, -76, 23, 154, 63, -213, 39, -65, -39, 42,
47, -80, -75, -27, 11, 139, -35, -238, 34, -21, -21, 32, 15, -107, -27, -8, -69, 193, -112, -234, 57, 13, -7, 43, 0, -70, -5, -39, -50, 199, -122, -267, 26, 37, -8,
22, -16, -67, 26, -45, -32, 135, -111, -222, 33, 72, 0, -1, -22, -143, 21, 47, 11, 220, -152, -243, 3, 61, -1, -10, -13, -119, 39, 15, -34, 190, -177, -177, 42, 91,
-48, -27, -36, -91, 30, 21, -7, 237, -144, -146, 45, 38, -40, 17, 10, -112, 33, -16, -18, 238, -135, -119, 23, 24, -48, 27, 41, -64, -22, -52, -38, 245, -81, -123, 41,
-9, -53, 51, 7, -12, -29, -54, -31, 289, -105, -175, -32, 5, 5, 65, -11, -50, -63, 0, -43, 289, -86, -176, -8, 52, 38, 40, -1, -38, -75, -42, 24, 317, -97, -103,
-68, 22, 68, 34, -17, -71, -53, -27, 27, 318, -45, -129, -77, -40, 36, 51, -30, -34, -7, -56, 3, 324, -91, -174, -56, 20, 16, 8, 13, -65, -35, 13, -18, 310, -93,
-184, -45, 78, 17, -21, -63, -40, -21, 75, -16, 313, -108, -165, -45, -3, -34, -72, 1, 5, 2, 36, -35, 285, -100, -152, -93, -73, 0, -24, 31, 10, -14, 36, 6, 321,
-86, -170, -115, -89, 16, 0, 9, 2, -19, 28, -32, 363, -94, -120, -118, -66, 5, 52, -13, -4, -30, -55, 32, 312, -35, -149, -130, -34, 41, -25, 18, 17, -57, -54, 1,
358, -38, -86, -153, -44, 3, -4, 16, 7, -48, -55, 9, 295, 1, -54, -142, -79, 49, -47, 31, 14, -59, -68, 25, 280, -41, 5, -121, -63, -36, -85, 17, 45, -28, -41,
23, 208, -39, -30, -164, -56, -19, -58, 13, 65, -38, -50, 77, 222, -105, -88, -95, -54, -61, 21, 47, 39, -29, -63, 45, 224, 0, -134, -153, -78, 23, -23, 45, 44, 1,
-38, 68, 92, -16, -223, -138, -91, 55, 30, 117, 18, 47, 22, 62, 137, -20, -175, -63, -98, 79, -1, 91, 35, -8, -12, 48, 44, -36, -179, -57, -59, 55, 46, 71, 7,
-4, -15, 44, -32, -73, -214, -48, -75, 23, 27, 189, 39, 22, -5, 93, 5, -43, -143, -60, -100, -27, -14, 121, 88, 33, 50, 39, 96, -27, -125, 9, -30, 5, -28, 83,
59, 10, 27, 29, 113, 41, -82, -46, -42, -2, -12, 81, 22, -36, -51, -41, 145, 15, -92, 2, 30, 4, -22, 58, 2, -38, -48, -25, 204, 28, -57, 20, -21, 4, -42,
68, 0, -22, 9, -4, 111, 30, -68, -4, 25, -32, -44, 46, 50, -26, -50, -34, 21, -55, -6, -41, 19, 82, 34, 65, 1, -55, -48, -25, -77, -143, 6, -39, 26, 72,
18, 160, 69, -54, -26, -48, -51, -78, 20, -38, 101, 96, -21, 135, -12, -46, -13, -39, 104, 37, -12, -71, 26, -4, -35, 92, -52, -50, 14, 25, 283, 30, 2, -68, -110,
-95, -40, 67, 20, -63, -2, -1, 324, 29, -4, -69, -111, -141, -35, 102, -4, -60, -8, 8, 365, 5, -55, -55, -66, -187, -21, 93, 27, -22, -42, -29, 348, 78, -35, -67,
-91, -127, 25, 54, -8, -25, -16, -29, 375, 64, -7, -74, -115, -117, -22, 63, 15, -33, -2, -4, 380, -124, -80, -112, -61, 22, 28, 2, -23, -42, -60, 41, 325, -127, -80,
-117, 13, 43, 60, -22, -35, -22, -71, 53, 346, -167, -77, -141, 4, 51, 43, -21, -35, -55, -45, 47, 333, -124, -67, -190, 20, 110, 40, -12, -44, -74, -54, 88, 308, -39,
-77, -246, -14, 118, 29, -13, 43, -129, -90, 124, 304, -75, -60, -201, 1, 26, 50, 78, -23, -107, -40, 0, 293, -3, -59, -266, -38, 90, -16, 67, 22, -121, -41, 12, 308,
19, -81, -289, -7, 44, -42, 105, 31, -116, -40, 15, 315, 18, -35, -285, -18, 35, 0, 104, -1, -110, -28, 10, 337, 88, -41, -232, -8, 3, -4, 86, -7, -58, -16, -42,
309, 99, -27, -140, -47, -53, -38, 66, 49, -84, -54, -12, 267, 153, 38, -144, -5, -19, -1, 32, -37, -86, 12, 5, 241, 66, -26, -126, 70, 12, -8, 20, -30, -111, 19,
5, 149, -18, -10, -120, 112, 75, 15, 93, -80, -92, 10, -28, 208, -37, 22, -102, 15, 0, -47, 52, -9, -77, -27, -2, 168, 66, 83, -48, -8, -45, -70, 117, 6, -79,
-15, -36, 203, 69, 24, -43, -7, -1, 20, 89, -19, -89, -38, 27, 79, 117, 12, -20, -6, 30, -18, 61, -71, -123, 19, 8, 84, 126, -108, -5, 19, -18, -51, 68, -45,
-44, -34, 1, 79, 190, -78, -6, -55, 46, -36, 121, -53, -48, -33, 35, 56, 228, -153, 2, -127, 47, -19, 80, -25, -70, -33, 28, 60, 141, -210, 20, -80, 33, 1, 118,
-19, -60, -24, 0, -7, 142, -227, -3, -56, 82, -36, 134, -14, -71, -23, 28, -31, 128, -245, -32, -35, 57, -42, 99, 43, 15, -53, 38, -92, 120, -227, 28, -87, 48, -8,
127, 12, 15, -17, 40, -108, 120, -205, 57, -109, 8, -5, 118, 20, 28, -53, 39, -11, 126, -153, 77, -86, 19, -19, 92, -12, -38, -28, 32, 118, 56, -160, -35, -63, -60,
28, 88, -86, -10, -63, -12, 206, -35, -155, -55, -51, -32, -4, 111, -41, -2, -35, -55, 288, -94, -223, 0, -24, -11, -35, 89, -18, -36, -15, -54, 312, -141, -263, 30, 47,
-23, -66, 152, -76, -75, -13, 4, 339, -188, -294, 82, 40, -43, -18, 127, -83, -74, -28, 52, 304, -168, -316, 53, 98, 16, -20, 64, -42, -59, -54, 49, 259, -122, -270, 35,
105, 6, -84, 57, -39, 0, -38, -11, 204, -220, -273, 68, 32, -13, 0, 165, 2, -40, 10, 56, 247, -190, -233, 115, 51, 5, 10, 138, -5, -75, -8, -23, 0, 0, 0,
0, 0, 0, 0, 0, 0, 0, 0, 0, 0, 0, 0, 0, 0, 0, 0, 0, 0, 0, 0, 0, 0, 0, 0, 0, 0, 0, 0, 0, 0, 0, 0, 0, 0, 0,
0, 0, 0, 0, 0, 0, 0, 0, 0, 0, 0, 0, 0, 0, 0, 0, 0, 0, 0, 0, 0, 0, 0, 0, 0, 0, 0, 0, 0, 0, 0, 0, 0, 0, 0,
0, 0, 0, 0, 0, 0, 0, 0, 0, 0, 0, 0, 0, 0, 0, 0, 0, 0, 0, 0, 0, 0, 0, 0, 0, 0, 0, 0, 0, 0, 0, 0, 0, 0, 0,
0, 0, 0, 0, 0, 0, 0, 0, 0, 0, 0, 0, 0, 0, 0, 0, 0, 0, 0, 0, 0, 0, 0, 0, 0, 0, 0, 0, 0, 0, 0, 0, 0, 0, 0,
0, 0, 0, 0, 0, 0, 0, 0, 0, 0, 0, 0, 0, 0, 0, 0, 0, 0, 0, 0, 0, 0, 0, 0, 0, 0, 0, 0, 0, 0, 0, 0, 0, 0, 0,
0, 0, 0, 0, 0, 0, 0, 0, 0, 0, 0, 0, 0, 0, 0, 0, 0, 0, 0, 0, 0, 0, 0, 0, 0, 0, 0, 0, 0, 0, 0, 0, 0, 0, 0,
0, 0, 0, 0, 0, 0, 0, 0, 0, 0, 0, 0, 0, 0, 0, 0, 0, 0, 0, 0, 0, 0, 0, 0, 0, 0, 0, 0, 0, 0, 0, 0, 0, 0, 0,
0, 0, 0, 0, 0, 0, 0, 0, 0, 0, 0, 0, 0, 0, 0, 0, 0, 0, 0, 0, 0, 0, 0, 0, 0, 0, 0, 0, 0, 0, 0, 0, 0, 0, 0,
0, 0, 0, 0, 0, 0, 0, 0, 0, 0, 0, 0, 0, 0, 0, 0, 0, 0, 0, 0, 0, 0, 0, 0, 0, 0, 0, 0, 0, 0, 0, 0, 0, 0, 0,
0, 0, 0, 0, 0, 0, 0, 0, 0, 0, 0, 0, 0, 0, 0, 0, 0, 0, 0, 0, 0, 0, 0, 0, 0, 0, 0, 0, 0, 0, 0, 0, 0, 0, 0,
0, 0, 0, 0, 0, 0, 0, 0, 0, 0, 0, 0, 0, 0, 0, 0, 0, 0, 0, 0, 0, 0, 0, 0, 0, 0, 0, 0, 0, 0, 0, 0, 0, 0, 0,
0, 0, 0, 0, 0, 0, 0, 0, 0, 0, 0, 0, 0, 0, 0, 0, 0, 0, 0, 0, 0, 0, 0, 0, 0, 0, 0, 0, 0, 0, 0, 0, 0, 0, 0,
0, 0, 0, 0, 0, 0, 0, 0, 0, 0, 0, 0, 0, 0, 0, 0, 0, 0, 0, 0, 0, 0, 0, 0, 0, 0, 0, 0, 0, 0, 0, 0, 0, 0, 0,
0, 0, 0, 0, 0, 0, 0, 0, 0, 0, 0, 0, 0, 0, 0, 0, 0, 0, 0, 0, 0, 0, 0, 0, 0, 0, 0, 0, 0, 0, 0, 0, 0, 0, 0,
0, 0, 0, 0, 0, 0, 0, 0, 0, 0, 0, 0, 0, 0, 0, 0, 0, 0, 0, 0, 0, 0, 0, 0, 0, 0, 0, 0, 0, 0, 0, 0, 0, 0, 0,
0, 0, 0, 0, 0, 0, 0, 0, 0, 0, 0, 0, 0, 0, 0, 0, 0, 0, 0, 0, 0, 0, 0, 0, 0, 0, 0, 0, 0, 0, 0, 0, 0, 0, 0,
0, 0, 0, 0, 0, 0, 0, 0, 0, 0, 0, 0, 0, 0, 0, 0, 0, 0, 0, 0, 0, 0, 0, 0, 0, 0, 0, 0, 0, 0, 0, 0, 0, 0, 0,
0, 0, 0, 0, 0, 0, 0, 0, 0, 0, 0, 0, 0, 0, 0, 0, 0, 0, 0, 0, 0, 0, 0, 0, 0, 0, 0, 0, 0, 0, 0, 0, 0, 0, 0,
0, 0, 0, 0, 0, 0, 0, 0, 0, 0, 0, 0, 0, 0, 0, 0, 0, 0, 0, 0, 0, 0, 0, 0, 0, 0, 0, 0, 0, 0, 0, 0, 0, 0, 0,
0, 0, 0, 0, 0, 0, 0, 0, 0, 0, 0, 0, 0, 0, 0, 0, 0, 0, 0, 0, 0, 0, 0, 0, 0, 0, 0, 0, 0, 0, 0, 0, 0, 0, 0,
0, 0, 0, 0, 0, 0, 0, 0, 0, 0, 0, 0, 0, 0, 0, 0, 0, 0, 0, 0, 0, 0, 0, 0, 0, 0, 0, 0, 0, 0, 0, 0, 0, 0, 0,
0, 0, 0, 0, 0, 0, 0, 0, 0, 0, 0, 0, 0, 0, 0, 0, 0, 0, 0, 0, 0, 0, 0, 0, 0, 0, 0, 0, 0, 0, 0, 0, 0, 0, 0,
0, 0, 0, 0, 0, 0, 0, 0, 0, 0, 0, 0, 0, 0, 0, 0, 0, 0, 0, 0, 0, 0, 0, 0, 0, 0, 0, 0, 0, 0, 0, 0, 0, 0, 0,
0, 0, 0, 0, 0, 0, 0, 0, 0, 0, 0, 0, 0, 0, 0, 0, 0, 0, 0, 0, 0, 0, 0, 0, 0, 0, 0, 0, 0, 0, 0, 0, 0, 0, 0,
0, 0, 0, 0, 0, 0, 0, 0, 0, 0, 0, 0, 0, 0, 0, 0, 0, 0, 0, 0, 0, 0, 0, 0, 0, 0, 0, 0, 0, 0, 0, 0, 0, 0, 0,
0, 0, 0, 0, 0, 0, 0, 0, 0, 0, 0, 0, 0, 0, 0, 0, 0, 0, 0, 0, 0, 0, 0, 0, 0, 0, 0, 0, 0, 0, 0, 0, 0, 0, 0,
0, 0, 0, 0, 0, 0, 0, 0, 0, 0, 0, 0, 0, 0, 0, 0, 0, 0, 0, 0, 0, 0, 0, 0, 0, 0, 0, 0, 0, 0, 0, 0, 0, 0, 0,
0, 0, 0, 0, 0, 0, 0, 0, 0, 0, 0, 0, 0, 0, 0, 0, 0, 0, 0, 0, 0, 0, 0, 0, 0, 0, 0, 0, 0, 0, 0, 0, 0, 0, 0,
0, 0, 0, 0, 0, 0, 0, 0, 0, 0, 0, 0, 0, 0, 0, 0, 0, 0, 0, 0, 0, 0, 0, 0, 0, 0, 0, 0, 0, 0, 0, 0, 0, 0, 0,
0, 0, 0, 0, 0, 0, 0, 0, 0, 0, 0, 0, 0, 0, 0, 0, 0, 0, 0, 0, 0, 0, 0, 0, 0, 0, 0, 0, 0, 0, 0, 0, 0, 0, 0,
0, 0, 0, 0, 0, 0, 0, 0, 0, 0, 0, 0, 0, 0, 0, 0, 0, 0, 0, 0, 0, 0, 0, 0, 0, 0, 0, 0, 0, 0, 0, 0, 0, 0, 0,
0, 0, 0, 0, 0, 0, 0, 0, 0, 0, 0, 0, 0, 0, 0, 0, 0, 0, 0, 0, 0, 0, 0, 0, 0, 0, 0, 0, 0, 0, 0, 0, 0, 0, 0,
0, 0, 0, 0, 0, 0, 0, 0, 0, 0, 0, 0, 0, 0, 0, 0, 0, 0, 0, 0, 0, 0, 0, 0, 0, 0, 0, 0, 0, 0, 0, 0, 0, 0, 0,
0, 0, 0, 0, 0, 0, 0, 0, 0, 0, 0, 0, 0, 0, 0, 0, 0, 0, 0, 0, 0, 0, 0, 0, 0, 0, 0, 0, 0, 0, 0, 0, 0, 0, 0,
0, 0, 0, 0, 0, 0, 0, 0, 0, 0, 0, 0, 0, 0, 0, 0, 0, 0, 0, 0, 0, 0, 0, 0, 0, 0, 0, 0, 0, 0, 0, 0, 0, 0, 0,
0, 0, 0, 0, 0, 0, 0, 0, 0, 0, 0, 0, 0, 0, 0, 0, 0, 0, 0, 0, 0, 0, 0, 0, 0, 0, 0, 0, 0, 0, 0, 0, 0, 0, 0,
0, 0, 0, 0, 0, 0, 0, 0, 0, 0, 0, 0, 0, 0, 0, 0, 0, 0, 0, 0, 0, 0, 0, 0, 0, 0, 0, 0, 0, 0, 0, 0, 0, 0, 0,
0, 0, 0, 0, 0, 0, 0, 0, 0, 0, 0, 0, 0, 0, 0, 0, 0, 0, 0, 0, 0, 0, 0, 0, 0, 0, 0, 0, 0, 0, 0, 0, 0, 0, 0,
0, 0, 0, 0, 0, 0, 0, 0, 0, 0, 0, 0, 0, 0, 0, 0, 0, 0, 0, 0, 0, 0, 0, 0, 0, 0, 0, 0, 0, 0, 0, 0, 0, 0, 0,
0, 0, 0, 0, 0, 0, 0, 0, 0, 0, 0, 0, 0, 0, 0, 0, 0, 0, 0, 0, 0, 0, 0, 0, 0, 0, 0, 0, 0, 0, 0, 0, 0, 0, 0,
0, 0, 0, 0, 0, 0, 0, 0, 0, 0, 0, 0, 0, 0, 0, 0, 0, 0, 0, 0, 0, 0, 0, 0, 0, 0, 0, 0, 0, 0, 0, 0, 0, 0, 0,
0, 0, 0, 0, 0, 0, 0, 0, 0, 0, 0, 0, 0, 0, 0, 0, 0, 0, 0, 0, 0, 0, 0, 0, 0, 0, 0, 0, 0, 0, 0, 0, 0, 0, 0,
0, 0, 0, 
print model ok!
start rec...
get noise again...
speeking...
frm_num=87
-85, 33, 20, 32, 26, 32, 29, 32, 32, 33, 30, 30, 97, 21, 107, 105, 59, -55, -22, -11, 8, 3, -40, -37, 130, 42, 55, 80, 121, -32, -67, 4, 7, 6, 5,
-20, 92, 21, 67, 93, 74, -38, -65, 34, 41, -40, -54, -81, 168, 36, 48, 76, 80, -60, -35, 21, 29, 10, 0, -32, 102, 52, 119, 112, 72, -79, -2, 65, 4, 3,
-15, -22, 94, 71, 33, 64, 25, -46, -47, 56, 11, -7, -16, -36, 59, 46, 59, 122, 26, -10, -18, 84, 8, -3, -51, -4, 31, 29, 70, 145, 28, -58, -46, 70, 32,
-9, -5, -51, -119, 158, -28, 147, 18, -2, -34, 59, -1, -45, 10, -16, -282, 220, -94, 96, 104, 42, -44, 14, 38, -43, -47, 37, -114, 209, -104, 72, 22, -35, -82, -6,
119, -25, -79, 64, 10, 257, -70, -131, -110, -59, -33, 49, 108, -69, -172, 71, 213, 116, -154, -165, -82, -67, 56, 28, 64, -152, -115, 86, 210, 78, -287, -169, -14, -8, 54,
18, -14, -113, -105, 47, 221, -42, -242, -113, 0, -2, 9, 45, -60, -109, -41, 20, 226, -152, -231, -27, 75, -12, 35, -2, -77, -38, -68, -12, 200, -222, -217, -34, 161, -5,
1, -9, -99, -16, -47, -4, 248, -218, -230, -68, 114, -34, 11, -11, -56, 19, 19, -2, 228, -247, -273, -15, 147, -110, 16, 19, -83, 26, 10, 2, 171, -284, -249, 5, 208,
4, 67, 14, -118, -39, -69, 46, 230, -252, -271, -22, 178, -41, 57, 4, -105, -13, -35, 19, 230, -230, -157, 21, 112, -4, 42, -46, -179, 74, 38, -6, 264, -255, -179, -23,
132, -43, 35, -54, -104, 28, -2, -17, 309, -199, -180, -102, 166, -55, 4, 8, -88, 9, -72, 8, 309, -148, -258, -26, 99, -89, 55, -37, -61, -27, -29, -36, 279, -125, -219,
-36, 73, -17, 10, -20, -59, -26, -20, -55, 292, -119, -106, 21, 78, -8, -39, -58, -79, 8, 33, -34, 323, -48, -95, -61, 3, -58, -21, 42, -77, -10, -34, 0, 330, -79,
-131, -66, 34, -59, 50, 16, -41, 5, -59, -53, 335, -72, -93, -36, 10, -39, -2, 44, -78, -14, 26, -36, 352, -53, -80, -24, 72, -64, -3, -19, -93, -19, 30, 8, 368,
-21, -124, -42, 44, 26, -21, -52, -67, -36, -1, 36, 388, -43, -97, -67, 49, -7, -35, -22, -100, -28, 44, 17, 379, -7, -104, -66, 39, 14, -72, -21, -36, -28, -3, -3,
417, -35, -98, -140, -11, 43, -9, -38, -19, -47, -8, -31, 424, -2, -116, -116, 0, -22, -33, 20, -12, -47, -42, -54, 397, -36, -106, -118, -6, -28, -30, 46, 0, -96, -33,
-67, 388, -63, -124, -144, 5, -4, -47, 40, -5, -75, -31, -34, 341, -49, -110, -118, -55, -1, -6, 33, -65, -60, 28, -25, 252, -23, -75, -195, -64, -23, 13, 24, 42, -73,
-12, 37, 53, -1, 28, -281, -97, 56, 13, 23, 91, -46, -20, 33, 181, -83, -105, -143, -68, -40, -34, 65, 78, 64, 23, 112, 138, -72, -104, -75, -58, 28, -38, 82, 15,
11, -31, 56, 91, 76, -123, -27, 19, -3, -18, 65, 2, -11, -87, 64, 81, 111, -117, -94, -46, 73, -45, 45, -16, -8, -32, 3, 26, 34, -104, 12, 32, 109, -37, 30,
-47, 20, -1, 9, 48, 78, -71, 12, -20, 21, -66, 81, 2, -10, 28, 59, 137, 58, -118, -33, -80, -7, -39, 80, -17, 5, -15, 48, 109, -20, -66, 4, 56, -1, -83,
18, 4, 40, -6, 16, 124, 31, -44, 10, 11, -43, -48, 92, 43, -58, -55, 7, 192, 36, -68, -16, 11, -2, -62, 91, 15, -50, -33, -28, 109, 20, 14, 5, 17, 90,
3, 26, -5, -46, -30, 0, 50, -22, 24, -81, 18, 74, -2, 110, 68, -91, -71, -37, -26, 2, -12, -81, 16, 61, 8, 173, 29, 3, -32, -23, 178, 41, -8, -80, -73,
-61, -22, 60, -99, -37, 42, -36, 326, 72, -60, -70, -80, -119, -6, 67, -21, -31, -20, 5, 349, 95, -34, -86, -144, -130, -12, 88, -12, -22, -26, -8, 346, 87, -57, -145,
-143, -43, 59, -6, -16, -15, -1, -16, 353, -68, -70, -161, -95, 82, 96, -26, -29, -62, -71, -16, 316, -113, -97, -142, -24, 66, 10, -41, 43, -46, -80, 32, 267, -47, -83,
-167, 34, -24, -2, -63, 53, -10, -70, 84, 260, -72, -87, -124, 101, 32, 2, -35, 2, -82, -54, 48, 329, -86, -84, -171, 29, 81, -9, -18, 0, -110, -32, 43, 323, -9,
-91, -195, 11, 58, 38, 6, -50, -127, 4, 56, 300, 22, -10, -215, -34, 70, 18, -40, 25, -98, -35, 40, 346, 25, -59, -210, 15, 42, -43, 28, 0, -67, -24, -13, 321,
68, -74, -227, 71, 4, -33, 59, 20, -95, -29, -44, 345, 105, -88, -245, -12, 21, 27, 28, -16, -101, -16, -24, 319, 124, -57, -235, -19, 47, -7, 11, -5, -103, -13, -8,
238, 88, 61, -161, 51, -47, -88, 46, -37, -47, -20, -20, 129, 52, 97, -150, 88, -4, -64, 28, -93, -83, 57, -15, 154, 14, 49, -91, 78, 5, -41, 50, -7, -111, 9,
8, 205, 55, -1, -61, 81, -21, -69, 37, -9, -46, -44, -20, 199, 61, 22, -15, 72, -11, 0, 15, -27, -70, -56, -1, 192, 92, -18, -54, 29, -1, -25, 7, 11, -65,
-46, -26, 75, 144, -51, -1, 24, 17, 1, -14, 0, -78, -57, -67, 46, 233, -58, -13, -121, 31, -46, 92, -62, -5, -13, -43, 33, 191, -124, 42, -87, 8, -112, 72, -46,
-38, -38, -12, -30, 221, -115, 108, 4, 27, -81, 42, 34, -81, -27, 1, -38, 165, -167, 83, -45, 23, -56, 56, -11, -40, -38, -2, -30, 142, -144, 29, -87, 56, -16, 111,
-17, -71, -36, 42, -39, 111, -209, 93, -41, 46, -36, 92, -2, -85, -43, -25, -95, 120, -208, 21, -2, -32, -64, 100, 27, -34, -17, -7, -77, 113, -129, 52, -34, -1, -16,
118, 57, -13, -44, 26, 14, 103, -111, 95, -25, 22, -104, 41, -18, -12, -2, 4, 179, -6, -223, -32, -100, -5, 11, 83, -98, -76, -5, -71, 0, 0, 0, 0, 0, 0,
0, 0, 0, 0, 0, 0, 0, 0, 0, 0, 0, 0, 0, 0, 0, 0, 0, 0, 0, 0, 0, 0, 0, 0, 0, 0, 0, 0, 0, 0, 0, 0, 0, 0, 0,
0, 0, 0, 0, 0, 0, 0, 0, 0, 0, 0, 0, 0, 0, 0, 0, 0, 0, 0, 0, 0, 0, 0, 0, 0, 0, 0, 0, 0, 0, 0, 0, 0, 0, 0,
0, 0, 0, 0, 0, 0, 0, 0, 0, 0, 0, 0, 0, 0, 0, 0, 0, 0, 0, 0, 0, 0, 0, 0, 0, 0, 0, 0, 0, 0, 0, 0, 0, 0, 0,
0, 0, 0, 0, 0, 0, 0, 0, 0, 0, 0, 0, 0, 0, 0, 0, 0, 0, 0, 0, 0, 0, 0, 0, 0, 0, 0, 0, 0, 0, 0, 0, 0, 0, 0,
0, 0, 0, 0, 0, 0, 0, 0, 0, 0, 0, 0, 0, 0, 0, 0, 0, 0, 0, 0, 0, 0, 0, 0, 0, 0, 0, 0, 0, 0, 0, 0, 0, 0, 0,
0, 0, 0, 0, 0, 0, 0, 0, 0, 0, 0, 0, 0, 0, 0, 0, 0, 0, 0, 0, 0, 0, 0, 0, 0, 0, 0, 0, 0, 0, 0, 0, 0, 0, 0,
0, 0, 0, 0, 0, 0, 0, 0, 0, 0, 0, 0, 0, 0, 0, 0, 0, 0, 0, 0, 0, 0, 0, 0, 0, 0, 0, 0, 0, 0, 0, 0, 0, 0, 0,
0, 0, 0, 0, 0, 0, 0, 0, 0, 0, 0, 0, 0, 0, 0, 0, 0, 0, 0, 0, 0, 0, 0, 0, 0, 0, 0, 0, 0, 0, 0, 0, 0, 0, 0,
0, 0, 0, 0, 0, 0, 0, 0, 0, 0, 0, 0, 0, 0, 0, 0, 0, 0, 0, 0, 0, 0, 0, 0, 0, 0, 0, 0, 0, 0, 0, 0, 0, 0, 0,
0, 0, 0, 0, 0, 0, 0, 0, 0, 0, 0, 0, 0, 0, 0, 0, 0, 0, 0, 0, 0, 0, 0, 0, 0, 0, 0, 0, 0, 0, 0, 0, 0, 0, 0,
0, 0, 0, 0, 0, 0, 0, 0, 0, 0, 0, 0, 0, 0, 0, 0, 0, 0, 0, 0, 0, 0, 0, 0, 0, 0, 0, 0, 0, 0, 0, 0, 0, 0, 0,
0, 0, 0, 0, 0, 0, 0, 0, 0, 0, 0, 0, 0, 0, 0, 0, 0, 0, 0, 0, 0, 0, 0, 0, 0, 0, 0, 0, 0, 0, 0, 0, 0, 0, 0,
0, 0, 0, 0, 0, 0, 0, 0, 0, 0, 0, 0, 0, 0, 0, 0, 0, 0, 0, 0, 0, 0, 0, 0, 0, 0, 0, 0, 0, 0, 0, 0, 0, 0, 0,
0, 0, 0, 0, 0, 0, 0, 0, 0, 0, 0, 0, 0, 0, 0, 0, 0, 0, 0, 0, 0, 0, 0, 0, 0, 0, 0, 0, 0, 0, 0, 0, 0, 0, 0,
0, 0, 0, 0, 0, 0, 0, 0, 0, 0, 0, 0, 0, 0, 0, 0, 0, 0, 0, 0, 0, 0, 0, 0, 0, 0, 0, 0, 0, 0, 0, 0, 0, 0, 0,
0, 0, 0, 0, 0, 0, 0, 0, 0, 0, 0, 0, 0, 0, 0, 0, 0, 0, 0, 0, 0, 0, 0, 0, 0, 0, 0, 0, 0, 0, 0, 0, 0, 0, 0,
0, 0, 0, 0, 0, 0, 0, 0, 0, 0, 0, 0, 0, 0, 0, 0, 0, 0, 0, 0, 0, 0, 0, 0, 0, 0, 0, 0, 0, 0, 0, 0, 0, 0, 0,
0, 0, 0, 0, 0, 0, 0, 0, 0, 0, 0, 0, 0, 0, 0, 0, 0, 0, 0, 0, 0, 0, 0, 0, 0, 0, 0, 0, 0, 0, 0, 0, 0, 0, 0,
0, 0, 0, 0, 0, 0, 0, 0, 0, 0, 0, 0, 0, 0, 0, 0, 0, 0, 0, 0, 0, 0, 0, 0, 0, 0, 0, 0, 0, 0, 0, 0, 0, 0, 0,
0, 0, 0, 0, 0, 0, 0, 0, 0, 0, 0, 0, 0, 0, 0, 0, 0, 0, 0, 0, 0, 0, 0, 0, 0, 0, 0, 0, 0, 0, 0, 0, 0, 0, 0,
0, 0, 0, 0, 0, 0, 0, 0, 0, 0, 0, 0, 0, 0, 0, 0, 0, 0, 0, 0, 0, 0, 0, 0, 0, 0, 0, 0, 0, 0, 0, 0, 0, 0, 0,
0, 0, 0, 0, 0, 0, 0, 0, 0, 0, 0, 0, 0, 0, 0, 0, 0, 0, 0, 0, 0, 0, 0, 0, 0, 0, 0, 0, 0, 0, 0, 0, 0, 0, 0,
0, 0, 0, 0, 0, 0, 0, 0, 0, 0, 0, 0, 0, 0, 0, 0, 0, 0, 0, 0, 0, 0, 0, 0, 0, 0, 0, 0, 0, 0, 0, 0, 0, 0, 0,
0, 0, 0, 0, 0, 0, 0, 0, 0, 0, 0, 0, 0, 0, 0, 0, 0, 0, 0, 0, 0, 0, 0, 0, 0, 0, 0, 0, 0, 0, 0, 0, 0, 0, 0,
0, 0, 0, 0, 0, 0, 0, 0, 0, 0, 0, 0, 0, 0, 0, 0, 0, 0, 0, 0, 0, 0, 0, 0, 0, 0, 0, 0, 0, 0, 0, 0, 0, 0, 0,
0, 0, 0, 0, 0, 0, 0, 0, 0, 0, 0, 0, 0, 0, 0, 0, 0, 0, 0, 0, 0, 0, 0, 0, 0, 0, 0, 0, 0, 0, 0, 0, 0, 0, 0,
0, 0, 0, 0, 0, 0, 0, 0, 0, 0, 0, 0, 0, 0, 0, 0, 0, 0, 0, 0, 0, 0, 0, 0, 0, 0, 0, 0, 0, 0, 0, 0, 0, 0, 0,
0, 0, 0, 0, 0, 0, 0, 0, 0, 0, 0, 0, 0, 0, 0, 0, 0, 0, 0, 0, 0, 0, 0, 0, 0, 0, 0, 0, 0, 0, 0, 0, 0, 0, 0,
0, 0, 0, 0, 0, 0, 0, 0, 0, 0, 0, 0, 0, 0, 0, 0, 0, 0, 0, 0, 0, 0, 0, 0, 0, 0, 0, 0, 0, 0, 0, 0, 0, 0, 0,
0, 0, 0, 0, 0, 0, 0, 0, 0, 0, 0, 0, 0, 0, 0, 0, 0, 0, 0, 0, 0, 0, 0, 0, 0, 0, 0, 0, 0, 0, 0, 0, 0, 0, 0,
0, 0, 0, 0, 0, 0, 0, 0, 0, 0, 0, 0, 0, 0, 0, 0, 0, 0, 0, 0, 0, 0, 0, 0, 0, 0, 0, 0, 0, 0, 0, 0, 0, 0, 0,
0, 0, 0, 0, 0, 0, 0, 0, 0, 0, 0, 0, 0, 0, 0, 0, 0, 0, 0, 0, 0, 0, 0, 0, 0, 0, 0, 0, 0, 0, 0, 0, 0, 0, 0,
0, 0, 0, 0, 0, 0, 0, 0, 0, 0, 0, 0, 0, 0, 0, 0, 0, 0, 0, 0, 0, 0, 0, 0, 0, 0, 0, 0, 0, 0, 0, 0, 0, 0, 0,
0, 0, 0, 0, 0, 0, 0, 0, 0, 0, 0, 0, 0, 0, 0, 0, 0, 0, 0, 0, 0, 0, 0, 0, 0, 0, 0, 0, 0, 0, 0, 0, 0, 0, 0,
0, 0, 0, 0, 0, 0, 0, 0, 0, 0, 0, 0, 0, 0, 0, 0, 0, 0, 0, 0, 0, 0, 0, 0, 0, 0, 0, 0, 0, 0, 0, 0, 0, 0, 0,
0, 0, 0, 0, 0, 0, 0, 0, 0, 0, 0, 0, 0, 0, 0, 0, 0, 0, 0, 0, 0, 0, 0, 0, 0, 0, 0, 0, 0, 0, 0, 0, 0, 0, 0,
0, 0, 0, 0, 0, 0, 0, 0, 0, 0, 0, 0, 0, 0, 0, 0, 0, 0, 0, 0, 0, 0, 0, 0, 0, 0, 0, 0, 0, 0, 0, 0, 0, 0, 0,
0, 0, 0, 0, 0, 0, 0, 0, 0, 0, 0, 0, 0, 0, 0, 0, 0, 0, 0, 0, 0, 0, 0, 0, 0, 0, 0, 0, 0, 0, 0, 0, 0, 0, 0,
0, 0, 0, 0, 0, 0, 0, 0, 0, 0, 0, 0, 0, 0, 0, 0, 0, 0, 0, 0, 0, 0, 0, 0, 0, 0, 0, 0, 0, 0, 0, 0, 0, 0, 0,
0, 0, 0, 0, 0, 0, 0, 0, 0, 0, 0, 0, 0, 0, 0, 0, 0, 0, 0, 0, 0, 0, 0, 0, 0, 0, 0, 0, 0, 0, 0, 0, 0, 0, 0,
0, 0, 0, 0, 0, 0, 0, 0, 0, 0, 0, 0, 0, 0, 0, 0, 0, 0, 0, 0, 0, 0, 0, 0, 0, 0, 0, 0, 0, 0, 0, 0, 0, 0, 0,
0, 0, 0, 0, 0, 0, 0, 0, 0, 0, 0, 0, 0, 0, 0, 0, 0, 0, 0, 0, 0, 0, 0, 0, 0, 0, 0, 0, 0, 0, 0, 0, 0, 0, 0,
0, 0, 0, 0, 0, 0, 0, 0, 0, 0, 0, 0, 0, 0, 0, 0, 0, 0, 0, 0, 0, 0, 0, 0, 0, 0, 0, 0, 0, 0, 0, 0, 0, 0, 0,
0, 0, 0, 0, 0, 0, 0, 0, 0, 0, 0, 0, 0, 0, 0, 0, 0, 0, 0, 0, 0, 0, 0, 0, 0, 0, 0, 0, 0, 0, 0, 0, 0, 0, 0,
0, 0, 0, 0, 0, 0, 0, 0, 0, 0, 0, 0, 0, 0, 0, 0, 0, 0, 0, 0, 0, 0, 0, 0, 0, 0, 0, 0, 0, 0, 0, 0, 0, 0, 0,
0, 0, 0, 
print model ok!
