start rec...
get noise again...
speeking...
frm_num=71
-68, 36, 25, 36, 31, 35, 33, 36, 35, 35, 32, 32, 230, 73, 20, 0, -118, -106, -46, 43, 44, -23, 5, 1, 246, 67, 20, -27, -161, -116, -38, 46, 32, -10, -10,
-18, 248, 125, -15, -58, -142, -94, -36, 27, 59, -18, -20, -14, 287, 92, -21, -56, -126, -111, -14, 39, 63, -39, -57, 5, 306, 94, -14, -69, -150, -51, -39, 13, 80, -31,
-66, -20, 286, 51, -3, -49, -127, -97, -10, 83, 18, -53, -31, -3, 258, 34, -61, -100, -78, -33, 16, 28, 1, -67, -24, 39, 223, -90, -114, -189, 16, 13, 36, -52, 5,
-50, -86, 47, 173, -135, -58, -193, 84, -10, 9, -45, -3, -20, -51, 84, 177, -178, -82, -171, 75, 43, -37, -23, 4, -49, -25, 76, 174, -201, -76, -173, 82, 24, -37, 4,
-3, -105, -14, 70, 131, -131, -71, -194, 93, -9, -42, 11, -25, -83, -37, 64, 109, -79, -53, -234, 107, -12, 18, -13, -14, -98, -28, 40, 85, -78, 10, -247, 42, -3, 0,
30, -8, -105, -21, 43, 136, -59, -48, -219, 42, 14, 2, 37, -10, -78, 7, 10, 167, -58, -147, -239, 33, 33, -28, 39, -16, -101, 21, 12, 176, -7, -120, -307, 60, 42,
-38, 51, -52, -47, 22, -7, 153, 1, -76, -279, 71, 1, -87, 11, -19, -34, 8, -2, 174, 25, -40, -200, 36, -16, -98, 41, -39, -4, 36, 32, 181, 86, -81, -209, 5,
-55, -74, 12, -5, -23, 40, -37, 164, 78, -40, -185, 56, -55, -115, 88, -24, -32, 48, -30, 202, 18, -62, -224, 88, 15, -34, 39, -37, -26, 40, -2, 270, 21, -58, -234,
60, 57, -47, 35, -37, 3, 37, -5, 195, 35, -30, -196, 90, 71, -27, 55, -33, 15, 55, -2, 224, -20, -76, -150, 123, 4, -62, 55, -57, -6, 50, 26, 197, -7, -55,
-175, 119, 58, -57, 14, -70, 19, 48, -6, 168, 10, -108, -133, 51, 38, 31, 61, -63, -7, 31, 15, 92, 38, -94, -139, 22, 69, -26, 92, -23, 24, 51, 8, 36, 75,
-163, -124, 11, 94, -22, 92, 11, 41, 70, 59, 58, 99, -199, -51, 11, 64, -33, 33, -2, 11, -18, 56, 38, 94, -175, -20, 23, 106, -35, 18, -24, -30, -21, 19, 70,
93, -143, 33, 39, 101, -56, 15, -29, -30, 33, 44, -11, 140, -146, -40, 35, 120, -41, 11, -114, -15, -21, 12, -80, 94, -189, 39, 37, 146, 25, 98, -70, -60, -22, -2,
-132, 147, -156, 17, 21, 159, 23, 92, -58, -38, 7, 36, -91, 46, -164, 38, 55, 106, -24, 49, -69, -50, 39, 33, -48, 66, -123, 42, 18, 35, -48, 44, -33, -32, 22,
49, -15, 53, -77, 39, 25, 13, -44, 47, 19, -35, -2, 25, 115, 30, -22, 20, -2, 4, -53, 16, -19, -11, -32, 25, 224, -67, -145, -36, -71, 78, 45, 0, -80, -1,
-27, -15, 218, -175, -236, -25, 30, 19, 61, -6, -124, -35, -26, -16, 283, -228, -281, 28, 38, -23, 3, 88, -87, -67, 17, 20, 317, -250, -281, 102, 3, -73, -1, 110, -40,
-58, 26, 74, 310, -243, -296, 68, 24, -60, -20, 141, -33, -64, -13, 53, 328, -218, -266, 84, 72, -36, -46, 97, -60, -68, 16, 1, 345, -145, -289, 37, 90, -10, -1, 50,
-41, -47, -17, -15, 353, -174, -250, 51, 72, -69, 0, 75, -22, -58, -5, 21, 364, -178, -240, 5, 77, -39, -15, 55, -8, -69, 15, 27, 361, -104, -256, -17, 124, -8, -11,
42, -31, -60, 1, -17, 385, -131, -197, 37, 43, -13, 6, 56, -48, -51, 9, 4, 370, -119, -236, -6, 83, -10, 19, 71, -86, -74, 17, 20, 333, -77, -165, 35, 82, -10,
-2, 35, -58, -12, 10, 15, 254, -91, -189, 27, 41, 2, 24, 65, -25, -39, -6, 15, 177, -120, -196, 1, 107, 13, 65, 103, -15, -51, -17, 50, 264, -123, -183, -33, 89,
58, 45, 80, -51, -75, 0, 43, 292, -106, -189, 50, 109, 33, 13, 82, -60, -79, 17, 4, 281, -65, -161, 33, 106, 85, 35, -32, -67, -4, 10, -22, 264, -100, -178, 38,
143, 70, -14, 8, -20, -64, 3, 10, 249, -58, -63, 47, 45, -43, -20, 52, -4, -22, -17, 19, 269, -62, -111, 55, 50, -32, 17, 58, -13, -73, -18, 7, 236, -11, -138,
-32, 66, 42, 31, 25, -39, -50, -5, 47, 184, -48, -180, 101, 88, 34, -29, 31, 2, -58, 7, 6, 87, -59, -142, 119, 89, 56, -25, 17, -45, -78, 4, 48, -42, 30,
-197, 45, 31, 45, 31, 63, -11, 1, -12, 41, -88, 75, -228, 99, 39, 54, -11, 40, -39, -21, 65, 36, -112, 97, -272, 121, 38, 48, -27, 38, -18, -9, 39, 47, -165,
146, -170, 82, 28, 49, -20, 0, -11, 34, 22, 6, -16, 177, -134, -7, -73, 25, 38, 42, -40, -21, -31, 34, 168, 118, -195, -87, -127, 47, 34, 24, 22, -35, -57, -1,
217, 44, -166, -56, -85, 19, 28, 17, -18, -7, -54, -33, 0, 0, 0, 0, 0, 0, 0, 0, 0, 0, 0, 0, 0, 0, 0, 0, 0, 0, 0, 0, 0, 0, 0,
0, 0, 0, 0, 0, 0, 0, 0, 0, 0, 0, 0, 0, 0, 0, 0, 0, 0, 0, 0, 0, 0, 0, 0, 0, 0, 0, 0, 0, 0, 0, 0, 0, 0, 0,
0, 0, 0, 0, 0, 0, 0, 0, 0, 0, 0, 0, 0, 0, 0, 0, 0, 0, 0, 0, 0, 0, 0, 0, 0, 0, 0, 0, 0, 0, 0, 0, 0, 0, 0,
0, 0, 0, 0, 0, 0, 0, 0, 0, 0, 0, 0, 0, 0, 0, 0, 0, 0, 0, 0, 0, 0, 0, 0, 0, 0, 0, 0, 0, 0, 0, 0, 0, 0, 0,
0, 0, 0, 0, 0, 0, 0, 0, 0, 0, 0, 0, 0, 0, 0, 0, 0, 0, 0, 0, 0, 0, 0, 0, 0, 0, 0, 0, 0, 0, 0, 0, 0, 0, 0,
0, 0, 0, 0, 0, 0, 0, 0, 0, 0, 0, 0, 0, 0, 0, 0, 0, 0, 0, 0, 0, 0, 0, 0, 0, 0, 0, 0, 0, 0, 0, 0, 0, 0, 0,
0, 0, 0, 0, 0, 0, 0, 0, 0, 0, 0, 0, 0, 0, 0, 0, 0, 0, 0, 0, 0, 0, 0, 0, 0, 0, 0, 0, 0, 0, 0, 0, 0, 0, 0,
0, 0, 0, 0, 0, 0, 0, 0, 0, 0, 0, 0, 0, 0, 0, 0, 0, 0, 0, 0, 0, 0, 0, 0, 0, 0, 0, 0, 0, 0, 0, 0, 0, 0, 0,
0, 0, 0, 0, 0, 0, 0, 0, 0, 0, 0, 0, 0, 0, 0, 0, 0, 0, 0, 0, 0, 0, 0, 0, 0, 0, 0, 0, 0, 0, 0, 0, 0, 0, 0,
0, 0, 0, 0, 0, 0, 0, 0, 0, 0, 0, 0, 0, 0, 0, 0, 0, 0, 0, 0, 0, 0, 0, 0, 0, 0, 0, 0, 0, 0, 0, 0, 0, 0, 0,
0, 0, 0, 0, 0, 0, 0, 0, 0, 0, 0, 0, 0, 0, 0, 0, 0, 0, 0, 0, 0, 0, 0, 0, 0, 0, 0, 0, 0, 0, 0, 0, 0, 0, 0,
0, 0, 0, 0, 0, 0, 0, 0, 0, 0, 0, 0, 0, 0, 0, 0, 0, 0, 0, 0, 0, 0, 0, 0, 0, 0, 0, 0, 0, 0, 0, 0, 0, 0, 0,
0, 0, 0, 0, 0, 0, 0, 0, 0, 0, 0, 0, 0, 0, 0, 0, 0, 0, 0, 0, 0, 0, 0, 0, 0, 0, 0, 0, 0, 0, 0, 0, 0, 0, 0,
0, 0, 0, 0, 0, 0, 0, 0, 0, 0, 0, 0, 0, 0, 0, 0, 0, 0, 0, 0, 0, 0, 0, 0, 0, 0, 0, 0, 0, 0, 0, 0, 0, 0, 0,
0, 0, 0, 0, 0, 0, 0, 0, 0, 0, 0, 0, 0, 0, 0, 0, 0, 0, 0, 0, 0, 0, 0, 0, 0, 0, 0, 0, 0, 0, 0, 0, 0, 0, 0,
0, 0, 0, 0, 0, 0, 0, 0, 0, 0, 0, 0, 0, 0, 0, 0, 0, 0, 0, 0, 0, 0, 0, 0, 0, 0, 0, 0, 0, 0, 0, 0, 0, 0, 0,
0, 0, 0, 0, 0, 0, 0, 0, 0, 0, 0, 0, 0, 0, 0, 0, 0, 0, 0, 0, 0, 0, 0, 0, 0, 0, 0, 0, 0, 0, 0, 0, 0, 0, 0,
0, 0, 0, 0, 0, 0, 0, 0, 0, 0, 0, 0, 0, 0, 0, 0, 0, 0, 0, 0, 0, 0, 0, 0, 0, 0, 0, 0, 0, 0, 0, 0, 0, 0, 0,
0, 0, 0, 0, 0, 0, 0, 0, 0, 0, 0, 0, 0, 0, 0, 0, 0, 0, 0, 0, 0, 0, 0, 0, 0, 0, 0, 0, 0, 0, 0, 0, 0, 0, 0,
0, 0, 0, 0, 0, 0, 0, 0, 0, 0, 0, 0, 0, 0, 0, 0, 0, 0, 0, 0, 0, 0, 0, 0, 0, 0, 0, 0, 0, 0, 0, 0, 0, 0, 0,
0, 0, 0, 0, 0, 0, 0, 0, 0, 0, 0, 0, 0, 0, 0, 0, 0, 0, 0, 0, 0, 0, 0, 0, 0, 0, 0, 0, 0, 0, 0, 0, 0, 0, 0,
0, 0, 0, 0, 0, 0, 0, 0, 0, 0, 0, 0, 0, 0, 0, 0, 0, 0, 0, 0, 0, 0, 0, 0, 0, 0, 0, 0, 0, 0, 0, 0, 0, 0, 0,
0, 0, 0, 0, 0, 0, 0, 0, 0, 0, 0, 0, 0, 0, 0, 0, 0, 0, 0, 0, 0, 0, 0, 0, 0, 0, 0, 0, 0, 0, 0, 0, 0, 0, 0,
0, 0, 0, 0, 0, 0, 0, 0, 0, 0, 0, 0, 0, 0, 0, 0, 0, 0, 0, 0, 0, 0, 0, 0, 0, 0, 0, 0, 0, 0, 0, 0, 0, 0, 0,
0, 0, 0, 0, 0, 0, 0, 0, 0, 0, 0, 0, 0, 0, 0, 0, 0, 0, 0, 0, 0, 0, 0, 0, 0, 0, 0, 0, 0, 0, 0, 0, 0, 0, 0,
0, 0, 0, 0, 0, 0, 0, 0, 0, 0, 0, 0, 0, 0, 0, 0, 0, 0, 0, 0, 0, 0, 0, 0, 0, 0, 0, 0, 0, 0, 0, 0, 0, 0, 0,
0, 0, 0, 0, 0, 0, 0, 0, 0, 0, 0, 0, 0, 0, 0, 0, 0, 0, 0, 0, 0, 0, 0, 0, 0, 0, 0, 0, 0, 0, 0, 0, 0, 0, 0,
0, 0, 0, 0, 0, 0, 0, 0, 0, 0, 0, 0, 0, 0, 0, 0, 0, 0, 0, 0, 0, 0, 0, 0, 0, 0, 0, 0, 0, 0, 0, 0, 0, 0, 0,
0, 0, 0, 0, 0, 0, 0, 0, 0, 0, 0, 0, 0, 0, 0, 0, 0, 0, 0, 0, 0, 0, 0, 0, 0, 0, 0, 0, 0, 0, 0, 0, 0, 0, 0,
0, 0, 0, 0, 0, 0, 0, 0, 0, 0, 0, 0, 0, 0, 0, 0, 0, 0, 0, 0, 0, 0, 0, 0, 0, 0, 0, 0, 0, 0, 0, 0, 0, 0, 0,
0, 0, 0, 0, 0, 0, 0, 0, 0, 0, 0, 0, 0, 0, 0, 0, 0, 0, 0, 0, 0, 0, 0, 0, 0, 0, 0, 0, 0, 0, 0, 0, 0, 0, 0,
0, 0, 0, 0, 0, 0, 0, 0, 0, 0, 0, 0, 0, 0, 0, 0, 0, 0, 0, 0, 0, 0, 0, 0, 0, 0, 0, 0, 0, 0, 0, 0, 0, 0, 0,
0, 0, 0, 0, 0, 0, 0, 0, 0, 0, 0, 0, 0, 0, 0, 0, 0, 0, 0, 0, 0, 0, 0, 0, 0, 0, 0, 0, 0, 0, 0, 0, 0, 0, 0,
0, 0, 0, 0, 0, 0, 0, 0, 0, 0, 0, 0, 0, 0, 0, 0, 0, 0, 0, 0, 0, 0, 0, 0, 0, 0, 0, 0, 0, 0, 0, 0, 0, 0, 0,
0, 0, 0, 0, 0, 0, 0, 0, 0, 0, 0, 0, 0, 0, 0, 0, 0, 0, 0, 0, 0, 0, 0, 0, 0, 0, 0, 0, 0, 0, 0, 0, 0, 0, 0,
0, 0, 0, 0, 0, 0, 0, 0, 0, 0, 0, 0, 0, 0, 0, 0, 0, 0, 0, 0, 0, 0, 0, 0, 0, 0, 0, 0, 0, 0, 0, 0, 0, 0, 0,
0, 0, 0, 0, 0, 0, 0, 0, 0, 0, 0, 0, 0, 0, 0, 0, 0, 0, 0, 0, 0, 0, 0, 0, 0, 0, 0, 0, 0, 0, 0, 0, 0, 0, 0,
0, 0, 0, 0, 0, 0, 0, 0, 0, 0, 0, 0, 0, 0, 0, 0, 0, 0, 0, 0, 0, 0, 0, 0, 0, 0, 0, 0, 0, 0, 0, 0, 0, 0, 0,
0, 0, 0, 0, 0, 0, 0, 0, 0, 0, 0, 0, 0, 0, 0, 0, 0, 0, 0, 0, 0, 0, 0, 0, 0, 0, 0, 0, 0, 0, 0, 0, 0, 0, 0,
0, 0, 0, 0, 0, 0, 0, 0, 0, 0, 0, 0, 0, 0, 0, 0, 0, 0, 0, 0, 0, 0, 0, 0, 0, 0, 0, 0, 0, 0, 0, 0, 0, 0, 0,
0, 0, 0, 0, 0, 0, 0, 0, 0, 0, 0, 0, 0, 0, 0, 0, 0, 0, 0, 0, 0, 0, 0, 0, 0, 0, 0, 0, 0, 0, 0, 0, 0, 0, 0,
0, 0, 0, 0, 0, 0, 0, 0, 0, 0, 0, 0, 0, 0, 0, 0, 0, 0, 0, 0, 0, 0, 0, 0, 0, 0, 0, 0, 0, 0, 0, 0, 0, 0, 0,
0, 0, 0, 0, 0, 0, 0, 0, 0, 0, 0, 0, 0, 0, 0, 0, 0, 0, 0, 0, 0, 0, 0, 0, 0, 0, 0, 0, 0, 0, 0, 0, 0, 0, 0,
0, 0, 0, 0, 0, 0, 0, 0, 0, 0, 0, 0, 0, 0, 0, 0, 0, 0, 0, 0, 0, 0, 0, 0, 0, 0, 0, 0, 0, 0, 0, 0, 0, 0, 0,
0, 0, 0, 0, 0, 0, 0, 0, 0, 0, 0, 0, 0, 0, 0, 0, 0, 0, 0, 0, 0, 0, 0, 0, 0, 0, 0, 0, 0, 0, 0, 0, 0, 0, 0,
0, 0, 0, 0, 0, 0, 0, 0, 0, 0, 0, 0, 0, 0, 0, 0, 0, 0, 0, 0, 0, 0, 0, 0, 0, 0, 0, 0, 0, 0, 0, 0, 0, 0, 0,
0, 0, 0, 0, 0, 0, 0, 0, 0, 0, 0, 0, 0, 0, 0, 0, 0, 0, 0, 0, 0, 0, 0, 0, 0, 0, 0, 0, 0, 0, 0, 0, 0, 0, 0,
0, 0, 0, 0, 0, 0, 0, 0, 0, 0, 0, 0, 0, 0, 0, 0, 0, 0, 0, 0, 0, 0, 0, 0, 0, 0, 0, 0, 0, 0, 0, 0, 0, 0, 0,
0, 0, 0, 0, 0, 0, 0, 0, 0, 0, 0, 0, 0, 0, 0, 0, 0, 0, 0, 0, 0, 0, 0, 0, 0, 0, 0, 0, 0, 0, 0, 0, 0, 0, 0,
0, 0, 0, 0, 0, 0, 0, 0, 0, 0, 0, 0, 0, 0, 0, 0, 0, 0, 0, 0, 0, 0, 0, 0, 0, 0, 0, 0, 0, 0, 0, 0, 0, 0, 0,
0, 0, 0, 0, 0, 0, 0, 0, 0, 0, 0, 0, 0, 0, 0, 0, 0, 0, 0, 0, 0, 0, 0, 0, 0, 0, 0, 0, 0, 0, 0, 0, 0, 0, 0,
0, 0, 0, 
print model ok!
start rec...
get noise again...
speeking...
frm_num=82
-67, 36, 25, 36, 31, 36, 33, 36, 35, 36, 34, 34, 203, 100, 69, -5, -48, -94, -38, 44, 6, 6, -3, -10, 223, 77, 26, -26, -95, -93, -19, -16, 23, 18, 1,
-26, 254, 44, 12, -93, -88, -52, -11, 17, 66, -23, -27, 7, 238, 108, 18, -113, -112, -72, 31, -7, 73, -18, -1, 5, 244, 93, -9, -82, -153, -82, 6, 0, 119, -24,
-22, -6, 292, 146, -9, -122, -134, -89, 22, 11, 89, -40, -1, 8, 297, 125, -5, -112, -134, -148, 32, 70, 39, -57, -9, 3, 349, 60, -79, -86, -107, -92, -31, 47, 32,
-47, 22, 6, 297, -4, -65, -148, -122, -9, 3, 41, -4, -51, -31, 33, 281, -142, -103, -229, -7, 34, 42, -67, 11, -56, -50, 99, 162, -155, -63, -217, 61, 1, -17, -105,
39, -44, 14, 121, 158, -189, -60, -221, 82, 27, -54, -70, 45, -76, 26, 139, 133, -175, -43, -208, 66, 10, -18, -39, 26, -90, 1, 124, 120, -151, -34, -220, 48, -4, -11,
-37, 46, -105, 0, 78, 103, -100, -54, -200, 42, -37, 4, 7, 39, -111, -6, 40, 149, -98, -91, -249, 59, -35, 2, -6, 33, -102, 3, 26, 163, -53, -116, -272, 41, -8,
-25, 12, 24, -84, -2, 6, 183, 15, -130, -304, 70, 33, -47, 10, 9, -58, 43, 3, 192, 62, -131, -292, 69, 12, -29, -76, 12, -29, 43, 16, 180, 78, -136, -291, 64,
9, -24, -68, -3, -3, 22, 17, 206, 58, -134, -278, 69, -27, 1, -20, 5, -29, 18, 24, 204, 21, -134, -281, 24, -27, -80, -12, 0, -36, 7, -7, 252, 63, -136, -236,
30, -29, -79, 16, -7, -29, 46, 0, 249, 33, -98, -210, 50, -49, -20, 39, 4, -22, 25, 2, 223, 69, -13, -232, 39, -36, -35, 41, -38, -28, 76, -17, 233, 65, -52,
-194, 17, -18, -8, 56, -33, -27, 63, 46, 214, -38, -99, -191, 43, 29, -20, 18, 13, 39, 87, 46, 164, 6, -82, -225, 55, 43, -35, -45, -20, -22, 48, 8, 169, -1,
-43, -202, 50, 24, -56, -7, 8, -21, 47, 0, 96, 52, -85, -97, -1, 18, -48, 26, -13, -9, 59, 2, 27, 103, 26, -81, -6, 10, -76, 72, 42, 50, 65, -13, -10,
48, -107, -100, -50, 49, -81, 87, 69, 77, 81, 62, 32, 107, -85, -79, -23, 51, -63, 92, 6, 25, 62, 42, 88, 101, -136, -52, 11, 55, -68, 46, -9, -1, 35, 58,
62, 143, -143, -44, 31, 82, -69, 34, -32, -7, 12, 45, 21, 103, -95, 18, -9, 32, -25, 30, -55, 13, 21, 70, -41, 161, -113, 81, -7, -11, -102, 48, 50, 72, 21,
9, -41, 101, -160, 4, -15, 48, -71, 61, 42, 70, 19, 59, -22, 68, -157, 10, -31, 11, -43, 118, 8, 29, 74, 96, 34, 89, -154, -22, -21, 21, -61, 81, 27, 28,
49, 82, 21, 60, -118, 12, -72, 31, -75, 25, 4, 56, 25, 22, 166, 1, -135, -44, -94, 19, 25, 33, -64, 31, 0, 1, 200, -96, -200, -39, -17, 34, 25, 41, -121,
-35, 17, -34, 234, -171, -261, -31, 50, 12, 16, 59, -101, -59, 29, -27, 255, -154, -303, -47, 60, -41, 7, 78, -78, -37, 21, 34, 292, -214, -327, 55, 35, -45, -22, 95,
-56, -32, 39, 85, 300, -206, -307, 32, 50, -43, -43, 129, -41, -80, 8, 54, 355, -220, -296, 43, 71, -83, -52, 127, -47, -57, -38, 40, 317, -226, -279, 40, 120, -51, -33,
119, -33, -113, -60, 29, 298, -187, -279, 7, 112, 7, -9, 107, -39, -93, -69, -19, 387, -228, -298, 21, 81, -73, 14, 127, -41, -56, -30, 19, 383, -192, -297, 0, 106, -19,
-20, 70, -44, -24, -10, 45, 327, -177, -242, 109, 175, -76, -43, 56, -30, 0, -8, -10, 352, -227, -241, 67, 183, -13, -4, 95, -25, -48, -18, 9, 249, -219, -273, 29, 95,
-27, 4, 66, -14, -80, 3, 49, 210, -134, -200, 7, 77, -33, -40, 108, 46, 11, 27, 27, 177, -178, -256, -1, 69, 28, 39, 93, 4, -7, 46, 33, 212, -182, -240, 76,
126, 27, -19, 94, -42, -27, 35, 5, 215, -116, -211, 32, 136, 49, 18, 28, -44, -36, 16, 50, 202, -132, -138, 13, 110, -14, -26, 65, -45, -51, -1, 14, 206, -59, -182,
54, 135, -1, -32, 61, -30, 0, -27, 21, 120, -65, -117, 56, 115, 33, -42, 15, -46, 0, -31, 5, 81, -54, -159, 113, 89, 2, -13, 56, -43, 9, -10, -8, 68, -86,
-219, 83, 103, 27, -30, 74, 10, -30, -10, -21, 156, -118, -181, 48, 73, 2, 24, 81, -5, -81, 8, 26, 201, -83, -158, 29, 119, 29, 7, 72, -4, -21, 30, 53, 114,
-95, -141, 19, 96, 58, -29, 58, -3, -27, 40, 37, 122, -65, -103, 20, 96, 46, 8, 64, 35, -20, 24, 48, -143, -36, -108, 99, 103, 109, 42, 13, 22, 9, 5, 0,
-127, 119, -187, 107, 100, 35, 31, 20, -3, 6, 67, 3, -81, 126, -123, 26, 24, -20, -48, 22, 61, 35, -22, 0, -7, 136, -38, -37, -55, -37, -7, 55, 85, 7, -62,
-5, 104, 159, -129, -103, -7, -28, 18, 39, 63, -6, -72, -11, 145, 130, -110, -130, -25, -7, 15, 49, 42, -18, -60, -28, 120, 56, -86, -37, -29, -32, 44, 43, -36, 0,
-7, -27, 105, -76, -79, -22, -27, 28, 95, -5, -33, -29, -9, 0, 80, -159, -98, 18, 24, 42, 96, 59, -30, 43, 12, -10, 7, -192, -91, 18, 38, 50, 100, 66, -19,
29, 54, -37, 7, -215, -61, 79, 80, 56, 147, 8, -109, 2, 16, -42, 68, -201, -57, 89, 14, 6, 136, 47, -92, -48, 40, -59, 92, -255, -101, 18, 51, -19, 85, 79,
-99, -11, 36, -35, 0, 0, 0, 0, 0, 0, 0, 0, 0, 0, 0, 0, 0, 0, 0, 0, 0, 0, 0, 0, 0, 0, 0, 0, 0, 0, 0, 0, 0, 0, 0,
0, 0, 0, 0, 0, 0, 0, 0, 0, 0, 0, 0, 0, 0, 0, 0, 0, 0, 0, 0, 0, 0, 0, 0, 0, 0, 0, 0, 0, 0, 0, 0, 0, 0, 0,
0, 0, 0, 0, 0, 0, 0, 0, 0, 0, 0, 0, 0, 0, 0, 0, 0, 0, 0, 0, 0, 0, 0, 0, 0, 0, 0, 0, 0, 0, 0, 0, 0, 0, 0,
0, 0, 0, 0, 0, 0, 0, 0, 0, 0, 0, 0, 0, 0, 0, 0, 0, 0, 0, 0, 0, 0, 0, 0, 0, 0, 0, 0, 0, 0, 0, 0, 0, 0, 0,
0, 0, 0, 0, 0, 0, 0, 0, 0, 0, 0, 0, 0, 0, 0, 0, 0, 0, 0, 0, 0, 0, 0, 0, 0, 0, 0, 0, 0, 0, 0, 0, 0, 0, 0,
0, 0, 0, 0, 0, 0, 0, 0, 0, 0, 0, 0, 0, 0, 0, 0, 0, 0, 0, 0, 0, 0, 0, 0, 0, 0, 0, 0, 0, 0, 0, 0, 0, 0, 0,
0, 0, 0, 0, 0, 0, 0, 0, 0, 0, 0, 0, 0, 0, 0, 0, 0, 0, 0, 0, 0, 0, 0, 0, 0, 0, 0, 0, 0, 0, 0, 0, 0, 0, 0,
0, 0, 0, 0, 0, 0, 0, 0, 0, 0, 0, 0, 0, 0, 0, 0, 0, 0, 0, 0, 0, 0, 0, 0, 0, 0, 0, 0, 0, 0, 0, 0, 0, 0, 0,
0, 0, 0, 0, 0, 0, 0, 0, 0, 0, 0, 0, 0, 0, 0, 0, 0, 0, 0, 0, 0, 0, 0, 0, 0, 0, 0, 0, 0, 0, 0, 0, 0, 0, 0,
0, 0, 0, 0, 0, 0, 0, 0, 0, 0, 0, 0, 0, 0, 0, 0, 0, 0, 0, 0, 0, 0, 0, 0, 0, 0, 0, 0, 0, 0, 0, 0, 0, 0, 0,
0, 0, 0, 0, 0, 0, 0, 0, 0, 0, 0, 0, 0, 0, 0, 0, 0, 0, 0, 0, 0, 0, 0, 0, 0, 0, 0, 0, 0, 0, 0, 0, 0, 0, 0,
0, 0, 0, 0, 0, 0, 0, 0, 0, 0, 0, 0, 0, 0, 0, 0, 0, 0, 0, 0, 0, 0, 0, 0, 0, 0, 0, 0, 0, 0, 0, 0, 0, 0, 0,
0, 0, 0, 0, 0, 0, 0, 0, 0, 0, 0, 0, 0, 0, 0, 0, 0, 0, 0, 0, 0, 0, 0, 0, 0, 0, 0, 0, 0, 0, 0, 0, 0, 0, 0,
0, 0, 0, 0, 0, 0, 0, 0, 0, 0, 0, 0, 0, 0, 0, 0, 0, 0, 0, 0, 0, 0, 0, 0, 0, 0, 0, 0, 0, 0, 0, 0, 0, 0, 0,
0, 0, 0, 0, 0, 0, 0, 0, 0, 0, 0, 0, 0, 0, 0, 0, 0, 0, 0, 0, 0, 0, 0, 0, 0, 0, 0, 0, 0, 0, 0, 0, 0, 0, 0,
0, 0, 0, 0, 0, 0, 0, 0, 0, 0, 0, 0, 0, 0, 0, 0, 0, 0, 0, 0, 0, 0, 0, 0, 0, 0, 0, 0, 0, 0, 0, 0, 0, 0, 0,
0, 0, 0, 0, 0, 0, 0, 0, 0, 0, 0, 0, 0, 0, 0, 0, 0, 0, 0, 0, 0, 0, 0, 0, 0, 0, 0, 0, 0, 0, 0, 0, 0, 0, 0,
0, 0, 0, 0, 0, 0, 0, 0, 0, 0, 0, 0, 0, 0, 0, 0, 0, 0, 0, 0, 0, 0, 0, 0, 0, 0, 0, 0, 0, 0, 0, 0, 0, 0, 0,
0, 0, 0, 0, 0, 0, 0, 0, 0, 0, 0, 0, 0, 0, 0, 0, 0, 0, 0, 0, 0, 0, 0, 0, 0, 0, 0, 0, 0, 0, 0, 0, 0, 0, 0,
0, 0, 0, 0, 0, 0, 0, 0, 0, 0, 0, 0, 0, 0, 0, 0, 0, 0, 0, 0, 0, 0, 0, 0, 0, 0, 0, 0, 0, 0, 0, 0, 0, 0, 0,
0, 0, 0, 0, 0, 0, 0, 0, 0, 0, 0, 0, 0, 0, 0, 0, 0, 0, 0, 0, 0, 0, 0, 0, 0, 0, 0, 0, 0, 0, 0, 0, 0, 0, 0,
0, 0, 0, 0, 0, 0, 0, 0, 0, 0, 0, 0, 0, 0, 0, 0, 0, 0, 0, 0, 0, 0, 0, 0, 0, 0, 0, 0, 0, 0, 0, 0, 0, 0, 0,
0, 0, 0, 0, 0, 0, 0, 0, 0, 0, 0, 0, 0, 0, 0, 0, 0, 0, 0, 0, 0, 0, 0, 0, 0, 0, 0, 0, 0, 0, 0, 0, 0, 0, 0,
0, 0, 0, 0, 0, 0, 0, 0, 0, 0, 0, 0, 0, 0, 0, 0, 0, 0, 0, 0, 0, 0, 0, 0, 0, 0, 0, 0, 0, 0, 0, 0, 0, 0, 0,
0, 0, 0, 0, 0, 0, 0, 0, 0, 0, 0, 0, 0, 0, 0, 0, 0, 0, 0, 0, 0, 0, 0, 0, 0, 0, 0, 0, 0, 0, 0, 0, 0, 0, 0,
0, 0, 0, 0, 0, 0, 0, 0, 0, 0, 0, 0, 0, 0, 0, 0, 0, 0, 0, 0, 0, 0, 0, 0, 0, 0, 0, 0, 0, 0, 0, 0, 0, 0, 0,
0, 0, 0, 0, 0, 0, 0, 0, 0, 0, 0, 0, 0, 0, 0, 0, 0, 0, 0, 0, 0, 0, 0, 0, 0, 0, 0, 0, 0, 0, 0, 0, 0, 0, 0,
0, 0, 0, 0, 0, 0, 0, 0, 0, 0, 0, 0, 0, 0, 0, 0, 0, 0, 0, 0, 0, 0, 0, 0, 0, 0, 0, 0, 0, 0, 0, 0, 0, 0, 0,
0, 0, 0, 0, 0, 0, 0, 0, 0, 0, 0, 0, 0, 0, 0, 0, 0, 0, 0, 0, 0, 0, 0, 0, 0, 0, 0, 0, 0, 0, 0, 0, 0, 0, 0,
0, 0, 0, 0, 0, 0, 0, 0, 0, 0, 0, 0, 0, 0, 0, 0, 0, 0, 0, 0, 0, 0, 0, 0, 0, 0, 0, 0, 0, 0, 0, 0, 0, 0, 0,
0, 0, 0, 0, 0, 0, 0, 0, 0, 0, 0, 0, 0, 0, 0, 0, 0, 0, 0, 0, 0, 0, 0, 0, 0, 0, 0, 0, 0, 0, 0, 0, 0, 0, 0,
0, 0, 0, 0, 0, 0, 0, 0, 0, 0, 0, 0, 0, 0, 0, 0, 0, 0, 0, 0, 0, 0, 0, 0, 0, 0, 0, 0, 0, 0, 0, 0, 0, 0, 0,
0, 0, 0, 0, 0, 0, 0, 0, 0, 0, 0, 0, 0, 0, 0, 0, 0, 0, 0, 0, 0, 0, 0, 0, 0, 0, 0, 0, 0, 0, 0, 0, 0, 0, 0,
0, 0, 0, 0, 0, 0, 0, 0, 0, 0, 0, 0, 0, 0, 0, 0, 0, 0, 0, 0, 0, 0, 0, 0, 0, 0, 0, 0, 0, 0, 0, 0, 0, 0, 0,
0, 0, 0, 0, 0, 0, 0, 0, 0, 0, 0, 0, 0, 0, 0, 0, 0, 0, 0, 0, 0, 0, 0, 0, 0, 0, 0, 0, 0, 0, 0, 0, 0, 0, 0,
0, 0, 0, 0, 0, 0, 0, 0, 0, 0, 0, 0, 0, 0, 0, 0, 0, 0, 0, 0, 0, 0, 0, 0, 0, 0, 0, 0, 0, 0, 0, 0, 0, 0, 0,
0, 0, 0, 0, 0, 0, 0, 0, 0, 0, 0, 0, 0, 0, 0, 0, 0, 0, 0, 0, 0, 0, 0, 0, 0, 0, 0, 0, 0, 0, 0, 0, 0, 0, 0,
0, 0, 0, 0, 0, 0, 0, 0, 0, 0, 0, 0, 0, 0, 0, 0, 0, 0, 0, 0, 0, 0, 0, 0, 0, 0, 0, 0, 0, 0, 0, 0, 0, 0, 0,
0, 0, 0, 0, 0, 0, 0, 0, 0, 0, 0, 0, 0, 0, 0, 0, 0, 0, 0, 0, 0, 0, 0, 0, 0, 0, 0, 0, 0, 0, 0, 0, 0, 0, 0,
0, 0, 0, 0, 0, 0, 0, 0, 0, 0, 0, 0, 0, 0, 0, 0, 0, 0, 0, 0, 0, 0, 0, 0, 0, 0, 0, 0, 0, 0, 0, 0, 0, 0, 0,
0, 0, 0, 0, 0, 0, 0, 0, 0, 0, 0, 0, 0, 0, 0, 0, 0, 0, 0, 0, 0, 0, 0, 0, 0, 0, 0, 0, 0, 0, 0, 0, 0, 0, 0,
0, 0, 0, 0, 0, 0, 0, 0, 0, 0, 0, 0, 0, 0, 0, 0, 0, 0, 0, 0, 0, 0, 0, 0, 0, 0, 0, 0, 0, 0, 0, 0, 0, 0, 0,
0, 0, 0, 0, 0, 0, 0, 0, 0, 0, 0, 0, 0, 0, 0, 0, 0, 0, 0, 0, 0, 0, 0, 0, 0, 0, 0, 0, 0, 0, 0, 0, 0, 0, 0,
0, 0, 0, 0, 0, 0, 0, 0, 0, 0, 0, 0, 0, 0, 0, 0, 0, 0, 0, 0, 0, 0, 0, 0, 0, 0, 0, 0, 0, 0, 0, 0, 0, 0, 0,
0, 0, 0, 0, 0, 0, 0, 0, 0, 0, 0, 0, 0, 0, 0, 0, 0, 0, 0, 0, 0, 0, 0, 0, 0, 0, 0, 0, 0, 0, 0, 0, 0, 0, 0,
0, 0, 0, 0, 0, 0, 0, 0, 0, 0, 0, 0, 0, 0, 0, 0, 0, 0, 0, 0, 0, 0, 0, 0, 0, 0, 0, 0, 0, 0, 0, 0, 0, 0, 0,
0, 0, 0, 0, 0, 0, 0, 0, 0, 0, 0, 0, 0, 0, 0, 0, 0, 0, 0, 0, 0, 0, 0, 0, 0, 0, 0, 0, 0, 0, 0, 0, 0, 0, 0,
0, 0, 0, 
print model ok!
start rec...
get noise again...
speeking...
frm_num=91
-69, 33, 22, 32, 27, 32, 30, 33, 32, 34, 31, 30, 172, 114, 39, -12, -24, -107, -16, 24, 46, 7, -6, 21, 221, 55, 70, -48, -82, -77, -69, 73, 65, 15, -31,
10, 268, 25, 57, -46, -157, -50, -20, 31, 46, 10, -32, 25, 283, 98, 48, -107, -145, -56, -16, 13, 72, -13, -41, -7, 282, 110, -6, -61, -92, -62, 6, 50, 50, -55,
-39, 11, 219, 88, -15, -80, -118, -59, 67, -11, 28, -75, -63, -23, 280, 93, -47, -92, -87, -53, 6, 75, 36, -102, -39, -13, 277, 43, -25, -115, -128, -56, 18, 60, 6,
-85, -26, -27, 332, 18, -58, -78, -97, -50, 6, 81, 19, -33, -72, 1, 301, -66, -95, -75, -44, 0, 69, -17, 4, -69, -70, 36, 211, -169, -102, -94, 84, 33, 66, -94,
30, -106, -43, 82, 170, -237, -79, -117, 165, 55, 44, -78, -20, -106, -56, 66, 159, -218, -47, -123, 104, 60, -1, -60, 28, -133, -64, 63, 163, -223, -54, -154, 97, 41, 34,
-59, -9, -116, -53, 71, 163, -146, -65, -169, 101, 67, 37, -16, -17, -129, -59, 85, 178, -158, -58, -171, 125, 62, 20, 8, -56, -114, -56, 59, 173, -87, -95, -138, 111, 17,
39, -14, -65, -58, -9, -20, 140, -63, -60, -198, 93, 3, -5, -14, 6, -64, -12, -25, 216, -27, -123, -186, 61, -3, -26, 24, 29, -81, 18, -35, 192, -65, -126, -262, 44,
-10, -38, 18, 7, -100, 2, -6, 178, 27, -60, -260, 35, -31, 0, 63, -14, -87, 47, 6, 194, 51, -62, -194, 35, -65, -33, 52, -7, -27, 54, 36, 232, 3, -109, -202,
42, -70, -72, 82, 23, -41, 29, 26, 221, 50, -109, -257, 30, -80, -47, 73, -27, -45, 38, 25, 233, 38, -74, -236, 13, -49, -77, 40, -28, -48, 77, 46, 250, 7, -68,
-253, 28, -73, -50, 37, -59, -3, 56, 34, 250, 31, -78, -228, 12, -21, -43, -13, -34, 13, 90, 45, 308, 81, -56, -215, 22, -44, -31, 77, -55, -41, 48, 1, 278, 74,
-14, -177, 7, -38, -42, 59, -4, -65, 48, 4, 178, 9, -37, -223, 14, -31, -73, 34, 4, -5, 32, 33, 129, 28, 42, -170, 18, -12, -53, 31, -3, 10, 29, 46, 171,
21, -32, -156, 31, -28, -33, 23, 33, 3, 41, 25, 128, 21, -76, -51, 7, 10, -43, 60, 36, 7, 10, 62, 43, 113, -139, -37, -14, 4, -72, 81, 7, 30, 27, 23,
0, 125, -151, -23, -8, 25, -84, 41, 23, 50, 71, 24, 7, 136, -177, -40, -52, 25, 13, 78, 1, 32, 95, 65, 4, 99, -106, -22, -41, 58, -30, 84, 2, 23, 69,
77, 27, 137, -52, 31, -49, 7, -51, 63, -34, -21, 43, 26, -33, 173, -18, 72, -71, -6, -108, 57, 21, 10, 24, 18, 15, 128, -106, 23, -39, -25, -55, 44, 48, 35,
-10, -12, -51, 176, -152, 47, -41, 0, -56, 87, 40, 43, 17, 47, -88, 70, -162, 76, -59, -23, -86, 78, 21, 66, 79, 69, -48, 56, -174, 25, -49, 54, -30, 104, 32,
21, 69, 73, 48, 13, -93, 28, -80, 7, -38, 13, -21, -19, -47, -37, 170, -9, -128, 9, -60, 5, 34, 36, -104, -4, -47, -35, 191, -119, -201, 66, 29, 45, 46, 10,
-124, -67, -52, -44, 235, -135, -278, 49, 46, 51, 31, 5, -110, 1, -40, -47, 284, -207, -290, 32, 58, -11, 23, 71, -134, -32, 34, -2, 275, -216, -330, 53, 31, -15, 50,
102, -117, -16, 57, 24, 298, -231, -316, 59, 29, -7, 7, 116, -48, -39, 22, 48, 332, -182, -387, 40, 69, -65, -27, 105, -25, -39, -77, 43, 359, -209, -323, 52, 89, -77,
-19, 121, -25, -43, -111, 26, 344, -231, -280, 55, 115, -9, -12, 88, -18, -83, -71, -15, 377, -247, -326, 43, 100, -52, -13, 104, -13, -56, -24, 7, 337, -197, -299, 81, 96,
-78, -48, 81, -7, -11, -5, 33, 332, -162, -275, 51, 84, -4, 1, 54, -59, -39, -17, -4, 369, -146, -295, 93, 134, -6, -35, 20, -9, -31, -3, -14, 298, -130, -230, 56,
57, -25, -37, 40, -9, -22, -25, 26, 273, -171, -235, 71, 113, -22, -50, 51, 6, -14, -23, -1, 173, -205, -234, 12, 66, 27, 34, 106, 38, -36, 4, 27, 147, -226, -191,
38, 97, 50, -2, 92, -9, -44, -44, -5, 212, -157, -188, 86, 185, 42, -71, 99, 15, -75, -55, 48, 208, -95, -126, 78, 58, -55, -26, 89, 18, -43, -75, -6, 245, -141,
-145, 83, 66, -28, -58, 56, 36, -42, -20, -13, 189, -103, -195, 53, 140, 60, -44, 31, -39, -78, -51, 23, 201, -99, -147, 45, 121, 12, -106, 46, -18, -11, -19, 25, 187,
-137, -184, 78, 161, 61, -5, 97, 6, -39, -54, 0, 188, -128, -169, 20, 95, 42, 68, 43, 6, -69, -11, 11, 191, -153, -115, 86, 120, -14, -59, 55, 15, -31, -27, 11,
196, -130, -145, 64, 152, 36, -4, 57, 21, -28, -25, 18, 139, -99, -118, 31, 145, 54, -22, 21, 32, -38, -33, 28, 160, -104, -115, 10, 51, 20, 51, 82, -10, -9, 18,
37, 4, -75, -142, 64, 130, 22, 9, 19, 48, 25, 18, 49, 36, -50, -128, 84, 18, 23, -6, 55, -29, -33, 50, 31, 8, 4, -198, 96, 95, 31, 3, 30, 1, -28,
-44, 9, 48, 88, -185, 58, 75, 22, 4, 1, -1, 14, -25, 47, -23, 83, -60, 65, 66, -43, -6, 7, 51, -5, -13, 51, 37, 86, -113, -44, 56, -12, -21, 27, 72,
-4, -33, 16, 86, 60, -78, -41, -50, -3, 26, 49, 109, -1, -59, -9, 141, 52, -38, -89, -90, 9, 38, 35, 79, -31, -67, -19, 140, -39, -50, -3, -32, 9, 66, -18,
-9, -62, -9, 41, 163, -90, -101, 7, -29, 57, 110, -63, -32, -35, 31, -12, 94, -177, -132, 29, 26, 34, 110, 27, -82, 5, 4, -27, -11, -296, -84, 64, 97, 33, 130,
37, -119, 45, -3, -55, 10, -316, -74, 33, 30, 0, 125, 74, -12, 38, 35, 34, 11, -314, -142, 24, 82, 7, 88, 83, -3, 2, 16, 12, -16, -291, -128, 33, 23, -11,
79, 86, -13, 29, -27, -29, 42, -259, -87, 52, 23, -29, 63, 53, -19, 33, -41, -28, 48, -245, -81, 45, 43, 50, 104, 70, -20, -1, -2, -3, 42, -262, -68, 54, 66,
14, 118, 63, -19, 27, 14, -39, 0, 0, 0, 0, 0, 0, 0, 0, 0, 0, 0, 0, 0, 0, 0, 0, 0, 0, 0, 0, 0, 0, 0, 0, 0, 0, 0, 0,
0, 0, 0, 0, 0, 0, 0, 0, 0, 0, 0, 0, 0, 0, 0, 0, 0, 0, 0, 0, 0, 0, 0, 0, 0, 0, 0, 0, 0, 0, 0, 0, 0, 0, 0,
0, 0, 0, 0, 0, 0, 0, 0, 0, 0, 0, 0, 0, 0, 0, 0, 0, 0, 0, 0, 0, 0, 0, 0, 0, 0, 0, 0, 0, 0, 0, 0, 0, 0, 0,
0, 0, 0, 0, 0, 0, 0, 0, 0, 0, 0, 0, 0, 0, 0, 0, 0, 0, 0, 0, 0, 0, 0, 0, 0, 0, 0, 0, 0, 0, 0, 0, 0, 0, 0,
0, 0, 0, 0, 0, 0, 0, 0, 0, 0, 0, 0, 0, 0, 0, 0, 0, 0, 0, 0, 0, 0, 0, 0, 0, 0, 0, 0, 0, 0, 0, 0, 0, 0, 0,
0, 0, 0, 0, 0, 0, 0, 0, 0, 0, 0, 0, 0, 0, 0, 0, 0, 0, 0, 0, 0, 0, 0, 0, 0, 0, 0, 0, 0, 0, 0, 0, 0, 0, 0,
0, 0, 0, 0, 0, 0, 0, 0, 0, 0, 0, 0, 0, 0, 0, 0, 0, 0, 0, 0, 0, 0, 0, 0, 0, 0, 0, 0, 0, 0, 0, 0, 0, 0, 0,
0, 0, 0, 0, 0, 0, 0, 0, 0, 0, 0, 0, 0, 0, 0, 0, 0, 0, 0, 0, 0, 0, 0, 0, 0, 0, 0, 0, 0, 0, 0, 0, 0, 0, 0,
0, 0, 0, 0, 0, 0, 0, 0, 0, 0, 0, 0, 0, 0, 0, 0, 0, 0, 0, 0, 0, 0, 0, 0, 0, 0, 0, 0, 0, 0, 0, 0, 0, 0, 0,
0, 0, 0, 0, 0, 0, 0, 0, 0, 0, 0, 0, 0, 0, 0, 0, 0, 0, 0, 0, 0, 0, 0, 0, 0, 0, 0, 0, 0, 0, 0, 0, 0, 0, 0,
0, 0, 0, 0, 0, 0, 0, 0, 0, 0, 0, 0, 0, 0, 0, 0, 0, 0, 0, 0, 0, 0, 0, 0, 0, 0, 0, 0, 0, 0, 0, 0, 0, 0, 0,
0, 0, 0, 0, 0, 0, 0, 0, 0, 0, 0, 0, 0, 0, 0, 0, 0, 0, 0, 0, 0, 0, 0, 0, 0, 0, 0, 0, 0, 0, 0, 0, 0, 0, 0,
0, 0, 0, 0, 0, 0, 0, 0, 0, 0, 0, 0, 0, 0, 0, 0, 0, 0, 0, 0, 0, 0, 0, 0, 0, 0, 0, 0, 0, 0, 0, 0, 0, 0, 0,
0, 0, 0, 0, 0, 0, 0, 0, 0, 0, 0, 0, 0, 0, 0, 0, 0, 0, 0, 0, 0, 0, 0, 0, 0, 0, 0, 0, 0, 0, 0, 0, 0, 0, 0,
0, 0, 0, 0, 0, 0, 0, 0, 0, 0, 0, 0, 0, 0, 0, 0, 0, 0, 0, 0, 0, 0, 0, 0, 0, 0, 0, 0, 0, 0, 0, 0, 0, 0, 0,
0, 0, 0, 0, 0, 0, 0, 0, 0, 0, 0, 0, 0, 0, 0, 0, 0, 0, 0, 0, 0, 0, 0, 0, 0, 0, 0, 0, 0, 0, 0, 0, 0, 0, 0,
0, 0, 0, 0, 0, 0, 0, 0, 0, 0, 0, 0, 0, 0, 0, 0, 0, 0, 0, 0, 0, 0, 0, 0, 0, 0, 0, 0, 0, 0, 0, 0, 0, 0, 0,
0, 0, 0, 0, 0, 0, 0, 0, 0, 0, 0, 0, 0, 0, 0, 0, 0, 0, 0, 0, 0, 0, 0, 0, 0, 0, 0, 0, 0, 0, 0, 0, 0, 0, 0,
0, 0, 0, 0, 0, 0, 0, 0, 0, 0, 0, 0, 0, 0, 0, 0, 0, 0, 0, 0, 0, 0, 0, 0, 0, 0, 0, 0, 0, 0, 0, 0, 0, 0, 0,
0, 0, 0, 0, 0, 0, 0, 0, 0, 0, 0, 0, 0, 0, 0, 0, 0, 0, 0, 0, 0, 0, 0, 0, 0, 0, 0, 0, 0, 0, 0, 0, 0, 0, 0,
0, 0, 0, 0, 0, 0, 0, 0, 0, 0, 0, 0, 0, 0, 0, 0, 0, 0, 0, 0, 0, 0, 0, 0, 0, 0, 0, 0, 0, 0, 0, 0, 0, 0, 0,
0, 0, 0, 0, 0, 0, 0, 0, 0, 0, 0, 0, 0, 0, 0, 0, 0, 0, 0, 0, 0, 0, 0, 0, 0, 0, 0, 0, 0, 0, 0, 0, 0, 0, 0,
0, 0, 0, 0, 0, 0, 0, 0, 0, 0, 0, 0, 0, 0, 0, 0, 0, 0, 0, 0, 0, 0, 0, 0, 0, 0, 0, 0, 0, 0, 0, 0, 0, 0, 0,
0, 0, 0, 0, 0, 0, 0, 0, 0, 0, 0, 0, 0, 0, 0, 0, 0, 0, 0, 0, 0, 0, 0, 0, 0, 0, 0, 0, 0, 0, 0, 0, 0, 0, 0,
0, 0, 0, 0, 0, 0, 0, 0, 0, 0, 0, 0, 0, 0, 0, 0, 0, 0, 0, 0, 0, 0, 0, 0, 0, 0, 0, 0, 0, 0, 0, 0, 0, 0, 0,
0, 0, 0, 0, 0, 0, 0, 0, 0, 0, 0, 0, 0, 0, 0, 0, 0, 0, 0, 0, 0, 0, 0, 0, 0, 0, 0, 0, 0, 0, 0, 0, 0, 0, 0,
0, 0, 0, 0, 0, 0, 0, 0, 0, 0, 0, 0, 0, 0, 0, 0, 0, 0, 0, 0, 0, 0, 0, 0, 0, 0, 0, 0, 0, 0, 0, 0, 0, 0, 0,
0, 0, 0, 0, 0, 0, 0, 0, 0, 0, 0, 0, 0, 0, 0, 0, 0, 0, 0, 0, 0, 0, 0, 0, 0, 0, 0, 0, 0, 0, 0, 0, 0, 0, 0,
0, 0, 0, 0, 0, 0, 0, 0, 0, 0, 0, 0, 0, 0, 0, 0, 0, 0, 0, 0, 0, 0, 0, 0, 0, 0, 0, 0, 0, 0, 0, 0, 0, 0, 0,
0, 0, 0, 0, 0, 0, 0, 0, 0, 0, 0, 0, 0, 0, 0, 0, 0, 0, 0, 0, 0, 0, 0, 0, 0, 0, 0, 0, 0, 0, 0, 0, 0, 0, 0,
0, 0, 0, 0, 0, 0, 0, 0, 0, 0, 0, 0, 0, 0, 0, 0, 0, 0, 0, 0, 0, 0, 0, 0, 0, 0, 0, 0, 0, 0, 0, 0, 0, 0, 0,
0, 0, 0, 0, 0, 0, 0, 0, 0, 0, 0, 0, 0, 0, 0, 0, 0, 0, 0, 0, 0, 0, 0, 0, 0, 0, 0, 0, 0, 0, 0, 0, 0, 0, 0,
0, 0, 0, 0, 0, 0, 0, 0, 0, 0, 0, 0, 0, 0, 0, 0, 0, 0, 0, 0, 0, 0, 0, 0, 0, 0, 0, 0, 0, 0, 0, 0, 0, 0, 0,
0, 0, 0, 0, 0, 0, 0, 0, 0, 0, 0, 0, 0, 0, 0, 0, 0, 0, 0, 0, 0, 0, 0, 0, 0, 0, 0, 0, 0, 0, 0, 0, 0, 0, 0,
0, 0, 0, 0, 0, 0, 0, 0, 0, 0, 0, 0, 0, 0, 0, 0, 0, 0, 0, 0, 0, 0, 0, 0, 0, 0, 0, 0, 0, 0, 0, 0, 0, 0, 0,
0, 0, 0, 0, 0, 0, 0, 0, 0, 0, 0, 0, 0, 0, 0, 0, 0, 0, 0, 0, 0, 0, 0, 0, 0, 0, 0, 0, 0, 0, 0, 0, 0, 0, 0,
0, 0, 0, 0, 0, 0, 0, 0, 0, 0, 0, 0, 0, 0, 0, 0, 0, 0, 0, 0, 0, 0, 0, 0, 0, 0, 0, 0, 0, 0, 0, 0, 0, 0, 0,
0, 0, 0, 0, 0, 0, 0, 0, 0, 0, 0, 0, 0, 0, 0, 0, 0, 0, 0, 0, 0, 0, 0, 0, 0, 0, 0, 0, 0, 0, 0, 0, 0, 0, 0,
0, 0, 0, 0, 0, 0, 0, 0, 0, 0, 0, 0, 0, 0, 0, 0, 0, 0, 0, 0, 0, 0, 0, 0, 0, 0, 0, 0, 0, 0, 0, 0, 0, 0, 0,
0, 0, 0, 0, 0, 0, 0, 0, 0, 0, 0, 0, 0, 0, 0, 0, 0, 0, 0, 0, 0, 0, 0, 0, 0, 0, 0, 0, 0, 0, 0, 0, 0, 0, 0,
0, 0, 0, 0, 0, 0, 0, 0, 0, 0, 0, 0, 0, 0, 0, 0, 0, 0, 0, 0, 0, 0, 0, 0, 0, 0, 0, 0, 0, 0, 0, 0, 0, 0, 0,
0, 0, 0, 0, 0, 0, 0, 0, 0, 0, 0, 0, 0, 0, 0, 0, 0, 0, 0, 0, 0, 0, 0, 0, 0, 0, 0, 0, 0, 0, 0, 0, 0, 0, 0,
0, 0, 0, 0, 0, 0, 0, 0, 0, 0, 0, 0, 0, 0, 0, 0, 0, 0, 0, 0, 0, 0, 0, 0, 0, 0, 0, 0, 0, 0, 0, 0, 0, 0, 0,
0, 0, 0, 0, 0, 0, 0, 0, 0, 0, 0, 0, 0, 0, 0, 0, 0, 0, 0, 0, 0, 0, 0, 0, 0, 0, 0, 0, 0, 0, 0, 0, 0, 0, 0,
0, 0, 0, 
print model ok!

start rec...
get noise again...
speeking...
frm_num=72
-73, 34, 22, 33, 28, 33, 30, 33, 33, 34, 30, 31, 168, 52, 33, -3, -24, -45, -28, -29, -19, -19, -20, 23, 224, 66, 65, -22, -88, -95, -24, 17, 41, -6, -25,
18, 229, 75, 75, -108, -113, -65, -45, 44, 56, -53, -88, 8, 266, 92, 31, -131, -80, -104, -6, 52, 15, -10, -72, -10, 258, 153, 3, -145, -85, -58, 11, 45, -10, -22,
-72, -2, 252, 88, -3, -111, -79, -72, 13, 34, 57, -70, -98, -3, 263, 88, -41, -103, -73, -43, 28, 29, 54, -76, -111, 5, 283, 60, -30, -109, -128, -3, 31, 24, 20,
-40, -82, -44, 256, 122, -37, -141, -112, 22, -3, 31, 28, 0, -96, -26, 260, -5, -41, -165, -112, 34, 85, -77, -17, -28, -69, 10, 201, -114, -59, -179, 84, 43, 28, -57,
1, -30, -56, 22, 218, -194, -97, -154, 95, 62, -37, -35, -27, -24, -53, -5, 146, -118, -106, -152, 107, 97, -37, -49, -8, -32, -6, -4, 187, -70, -140, -208, 68, 88, 6,
-58, -78, 12, 0, -23, 170, -95, -91, -200, 79, 62, 7, -69, -35, -41, 7, 55, 113, -25, -47, -256, 83, 30, -20, -6, 14, -58, -14, -15, 182, -59, -30, -255, 74, 57,
-28, -20, 33, -72, -16, -21, 176, 17, -82, -220, 54, 68, -33, 45, -17, -85, 15, -21, 194, 17, -116, -295, 84, 52, -64, 54, 21, -90, 8, -49, 203, 58, -101, -264, 64,
16, -80, 71, 49, -15, -31, -89, 188, 44, -27, -276, 41, -1, -62, 70, 13, -30, -28, -60, 149, 29, -16, -210, 92, -28, -85, 34, -32, -29, 14, -34, 212, 56, -37, -230,
106, 56, -37, 38, -73, -59, 44, -9, 208, -26, -48, -160, 140, 49, -21, 66, -25, -82, -31, -25, 255, 12, -65, -201, 152, 92, -20, 33, -43, -41, -16, -47, 218, 24, -54,
-158, 156, 43, -48, 46, -29, -48, -11, -48, 240, 71, -60, -137, 81, 8, 25, 25, -4, -44, -16, -72, 214, 58, -18, -119, 55, -21, -48, 88, -20, -20, -39, -78, 195, 29,
-31, -138, 85, 5, 0, 75, -46, -2, -42, -77, 85, 70, -74, -91, 83, 106, -4, 52, -66, -37, -43, -65, 105, 57, -156, 6, 53, 72, -12, 80, -65, -66, -93, -34, 108,
88, -153, -1, 61, 82, -58, 68, -63, -49, -22, -52, 70, 167, -102, 38, 22, 64, -85, 76, -78, 19, 17, -36, 56, 88, -151, 29, 80, 57, -116, 59, -57, -25, -13, 5,
0, 123, -153, 43, 25, 125, -23, 72, -64, -38, -19, -39, -38, 90, -149, 49, -35, 91, -7, 63, -17, -27, -51, -60, -27, 93, -139, 86, 18, 129, -17, 85, -42, -63, -37,
-20, -106, 45, -112, 179, 66, 105, -29, 95, -64, -49, -44, 8, 21, 11, -139, 77, -45, 14, -38, 53, -32, -13, -40, 37, 143, -60, -173, 31, -60, 56, -7, 52, -54, -19,
-15, -26, 226, -105, -217, 18, -9, -27, -4, 106, -54, -82, -42, -26, 245, -140, -207, 64, 12, -57, -44, 129, -45, -71, -36, 14, 252, -130, -249, 56, 32, -87, -39, 127, -32,
-98, -18, 32, 306, -185, -308, 81, 59, -96, -61, 104, -49, -95, -27, 10, 331, -179, -301, 93, 105, -28, -65, 78, -46, -45, -37, 10, 359, -149, -336, 10, 143, 26, -44, 52,
3, -38, -60, -35, 380, -153, -331, -8, 116, 0, -39, 45, -1, -46, -39, 18, 380, -126, -296, -11, 93, 9, -34, -4, -67, 2, 9, 35, 362, -42, -305, -5, 99, -3, -83,
27, 5, -5, -28, -45, 349, -107, -216, 57, 98, -49, -87, 72, -19, -57, 6, -12, 360, -89, -209, 24, 84, -42, -41, 107, -9, -73, -40, -16, 333, -117, -227, 18, 127, 18,
-34, 58, -37, -52, -23, 0, 299, -93, -195, 48, 116, -2, -54, 111, -4, -58, -10, 44, 188, -139, -136, 110, 111, -23, -100, 8, -38, 4, 28, 7, 246, -75, -193, -2, 94,
11, -4, 51, -37, -41, -17, -2, 239, -85, -161, -17, 110, 53, 49, 37, -34, -89, -56, 11, 247, -80, -126, 20, 96, 71, -6, 26, -22, -66, -44, 6, 255, -107, -173, 37,
168, 106, -48, 24, -49, -46, -20, -13, 224, -99, -157, 70, 130, 25, -27, 21, -2, -30, -64, -52, 231, -47, -100, 87, 112, 9, -27, -22, -3, -34, 17, -19, 233, -66, -96,
31, 78, -12, -49, 45, 17, -52, -40, -12, 210, -89, -64, -1, 108, 31, 0, 58, -32, -103, -18, 28, 173, -92, -68, 78, 147, 46, -4, 31, -56, -75, 24, 41, 82, -77,
-155, 72, 126, 38, 56, 32, -35, -60, -15, 50, 11, 12, -194, 110, 68, 74, 6, 36, -12, -34, 26, 17, -54, 19, -218, 178, 76, 9, -36, 3, 21, -27, 71, 5, -97,
67, -237, 123, 46, 48, -59, 44, 17, 2, 69, -1, -52, 100, -163, 73, 63, -1, 9, -1, 70, 12, 22, 2, -29, 144, -120, -60, -27, 33, -10, -23, 73, -38, -64, 0,
107, 62, -76, -75, -94, 22, 8, 45, 79, -46, -86, 42, 164, 95, -92, -119, -86, 46, 16, 21, 60, -36, -73, -8, 0, 0, 0, 0, 0, 0, 0, 0, 0, 0, 0,
0, 0, 0, 0, 0, 0, 0, 0, 0, 0, 0, 0, 0, 0, 0, 0, 0, 0, 0, 0, 0, 0, 0, 0, 0, 0, 0, 0, 0, 0, 0, 0, 0, 0, 0,
0, 0, 0, 0, 0, 0, 0, 0, 0, 0, 0, 0, 0, 0, 0, 0, 0, 0, 0, 0, 0, 0, 0, 0, 0, 0, 0, 0, 0, 0, 0, 0, 0, 0, 0,
0, 0, 0, 0, 0, 0, 0, 0, 0, 0, 0, 0, 0, 0, 0, 0, 0, 0, 0, 0, 0, 0, 0, 0, 0, 0, 0, 0, 0, 0, 0, 0, 0, 0, 0,
0, 0, 0, 0, 0, 0, 0, 0, 0, 0, 0, 0, 0, 0, 0, 0, 0, 0, 0, 0, 0, 0, 0, 0, 0, 0, 0, 0, 0, 0, 0, 0, 0, 0, 0,
0, 0, 0, 0, 0, 0, 0, 0, 0, 0, 0, 0, 0, 0, 0, 0, 0, 0, 0, 0, 0, 0, 0, 0, 0, 0, 0, 0, 0, 0, 0, 0, 0, 0, 0,
0, 0, 0, 0, 0, 0, 0, 0, 0, 0, 0, 0, 0, 0, 0, 0, 0, 0, 0, 0, 0, 0, 0, 0, 0, 0, 0, 0, 0, 0, 0, 0, 0, 0, 0,
0, 0, 0, 0, 0, 0, 0, 0, 0, 0, 0, 0, 0, 0, 0, 0, 0, 0, 0, 0, 0, 0, 0, 0, 0, 0, 0, 0, 0, 0, 0, 0, 0, 0, 0,
0, 0, 0, 0, 0, 0, 0, 0, 0, 0, 0, 0, 0, 0, 0, 0, 0, 0, 0, 0, 0, 0, 0, 0, 0, 0, 0, 0, 0, 0, 0, 0, 0, 0, 0,
0, 0, 0, 0, 0, 0, 0, 0, 0, 0, 0, 0, 0, 0, 0, 0, 0, 0, 0, 0, 0, 0, 0, 0, 0, 0, 0, 0, 0, 0, 0, 0, 0, 0, 0,
0, 0, 0, 0, 0, 0, 0, 0, 0, 0, 0, 0, 0, 0, 0, 0, 0, 0, 0, 0, 0, 0, 0, 0, 0, 0, 0, 0, 0, 0, 0, 0, 0, 0, 0,
0, 0, 0, 0, 0, 0, 0, 0, 0, 0, 0, 0, 0, 0, 0, 0, 0, 0, 0, 0, 0, 0, 0, 0, 0, 0, 0, 0, 0, 0, 0, 0, 0, 0, 0,
0, 0, 0, 0, 0, 0, 0, 0, 0, 0, 0, 0, 0, 0, 0, 0, 0, 0, 0, 0, 0, 0, 0, 0, 0, 0, 0, 0, 0, 0, 0, 0, 0, 0, 0,
0, 0, 0, 0, 0, 0, 0, 0, 0, 0, 0, 0, 0, 0, 0, 0, 0, 0, 0, 0, 0, 0, 0, 0, 0, 0, 0, 0, 0, 0, 0, 0, 0, 0, 0,
0, 0, 0, 0, 0, 0, 0, 0, 0, 0, 0, 0, 0, 0, 0, 0, 0, 0, 0, 0, 0, 0, 0, 0, 0, 0, 0, 0, 0, 0, 0, 0, 0, 0, 0,
0, 0, 0, 0, 0, 0, 0, 0, 0, 0, 0, 0, 0, 0, 0, 0, 0, 0, 0, 0, 0, 0, 0, 0, 0, 0, 0, 0, 0, 0, 0, 0, 0, 0, 0,
0, 0, 0, 0, 0, 0, 0, 0, 0, 0, 0, 0, 0, 0, 0, 0, 0, 0, 0, 0, 0, 0, 0, 0, 0, 0, 0, 0, 0, 0, 0, 0, 0, 0, 0,
0, 0, 0, 0, 0, 0, 0, 0, 0, 0, 0, 0, 0, 0, 0, 0, 0, 0, 0, 0, 0, 0, 0, 0, 0, 0, 0, 0, 0, 0, 0, 0, 0, 0, 0,
0, 0, 0, 0, 0, 0, 0, 0, 0, 0, 0, 0, 0, 0, 0, 0, 0, 0, 0, 0, 0, 0, 0, 0, 0, 0, 0, 0, 0, 0, 0, 0, 0, 0, 0,
0, 0, 0, 0, 0, 0, 0, 0, 0, 0, 0, 0, 0, 0, 0, 0, 0, 0, 0, 0, 0, 0, 0, 0, 0, 0, 0, 0, 0, 0, 0, 0, 0, 0, 0,
0, 0, 0, 0, 0, 0, 0, 0, 0, 0, 0, 0, 0, 0, 0, 0, 0, 0, 0, 0, 0, 0, 0, 0, 0, 0, 0, 0, 0, 0, 0, 0, 0, 0, 0,
0, 0, 0, 0, 0, 0, 0, 0, 0, 0, 0, 0, 0, 0, 0, 0, 0, 0, 0, 0, 0, 0, 0, 0, 0, 0, 0, 0, 0, 0, 0, 0, 0, 0, 0,
0, 0, 0, 0, 0, 0, 0, 0, 0, 0, 0, 0, 0, 0, 0, 0, 0, 0, 0, 0, 0, 0, 0, 0, 0, 0, 0, 0, 0, 0, 0, 0, 0, 0, 0,
0, 0, 0, 0, 0, 0, 0, 0, 0, 0, 0, 0, 0, 0, 0, 0, 0, 0, 0, 0, 0, 0, 0, 0, 0, 0, 0, 0, 0, 0, 0, 0, 0, 0, 0,
0, 0, 0, 0, 0, 0, 0, 0, 0, 0, 0, 0, 0, 0, 0, 0, 0, 0, 0, 0, 0, 0, 0, 0, 0, 0, 0, 0, 0, 0, 0, 0, 0, 0, 0,
0, 0, 0, 0, 0, 0, 0, 0, 0, 0, 0, 0, 0, 0, 0, 0, 0, 0, 0, 0, 0, 0, 0, 0, 0, 0, 0, 0, 0, 0, 0, 0, 0, 0, 0,
0, 0, 0, 0, 0, 0, 0, 0, 0, 0, 0, 0, 0, 0, 0, 0, 0, 0, 0, 0, 0, 0, 0, 0, 0, 0, 0, 0, 0, 0, 0, 0, 0, 0, 0,
0, 0, 0, 0, 0, 0, 0, 0, 0, 0, 0, 0, 0, 0, 0, 0, 0, 0, 0, 0, 0, 0, 0, 0, 0, 0, 0, 0, 0, 0, 0, 0, 0, 0, 0,
0, 0, 0, 0, 0, 0, 0, 0, 0, 0, 0, 0, 0, 0, 0, 0, 0, 0, 0, 0, 0, 0, 0, 0, 0, 0, 0, 0, 0, 0, 0, 0, 0, 0, 0,
0, 0, 0, 0, 0, 0, 0, 0, 0, 0, 0, 0, 0, 0, 0, 0, 0, 0, 0, 0, 0, 0, 0, 0, 0, 0, 0, 0, 0, 0, 0, 0, 0, 0, 0,
0, 0, 0, 0, 0, 0, 0, 0, 0, 0, 0, 0, 0, 0, 0, 0, 0, 0, 0, 0, 0, 0, 0, 0, 0, 0, 0, 0, 0, 0, 0, 0, 0, 0, 0,
0, 0, 0, 0, 0, 0, 0, 0, 0, 0, 0, 0, 0, 0, 0, 0, 0, 0, 0, 0, 0, 0, 0, 0, 0, 0, 0, 0, 0, 0, 0, 0, 0, 0, 0,
0, 0, 0, 0, 0, 0, 0, 0, 0, 0, 0, 0, 0, 0, 0, 0, 0, 0, 0, 0, 0, 0, 0, 0, 0, 0, 0, 0, 0, 0, 0, 0, 0, 0, 0,
0, 0, 0, 0, 0, 0, 0, 0, 0, 0, 0, 0, 0, 0, 0, 0, 0, 0, 0, 0, 0, 0, 0, 0, 0, 0, 0, 0, 0, 0, 0, 0, 0, 0, 0,
0, 0, 0, 0, 0, 0, 0, 0, 0, 0, 0, 0, 0, 0, 0, 0, 0, 0, 0, 0, 0, 0, 0, 0, 0, 0, 0, 0, 0, 0, 0, 0, 0, 0, 0,
0, 0, 0, 0, 0, 0, 0, 0, 0, 0, 0, 0, 0, 0, 0, 0, 0, 0, 0, 0, 0, 0, 0, 0, 0, 0, 0, 0, 0, 0, 0, 0, 0, 0, 0,
0, 0, 0, 0, 0, 0, 0, 0, 0, 0, 0, 0, 0, 0, 0, 0, 0, 0, 0, 0, 0, 0, 0, 0, 0, 0, 0, 0, 0, 0, 0, 0, 0, 0, 0,
0, 0, 0, 0, 0, 0, 0, 0, 0, 0, 0, 0, 0, 0, 0, 0, 0, 0, 0, 0, 0, 0, 0, 0, 0, 0, 0, 0, 0, 0, 0, 0, 0, 0, 0,
0, 0, 0, 0, 0, 0, 0, 0, 0, 0, 0, 0, 0, 0, 0, 0, 0, 0, 0, 0, 0, 0, 0, 0, 0, 0, 0, 0, 0, 0, 0, 0, 0, 0, 0,
0, 0, 0, 0, 0, 0, 0, 0, 0, 0, 0, 0, 0, 0, 0, 0, 0, 0, 0, 0, 0, 0, 0, 0, 0, 0, 0, 0, 0, 0, 0, 0, 0, 0, 0,
0, 0, 0, 0, 0, 0, 0, 0, 0, 0, 0, 0, 0, 0, 0, 0, 0, 0, 0, 0, 0, 0, 0, 0, 0, 0, 0, 0, 0, 0, 0, 0, 0, 0, 0,
0, 0, 0, 0, 0, 0, 0, 0, 0, 0, 0, 0, 0, 0, 0, 0, 0, 0, 0, 0, 0, 0, 0, 0, 0, 0, 0, 0, 0, 0, 0, 0, 0, 0, 0,
0, 0, 0, 0, 0, 0, 0, 0, 0, 0, 0, 0, 0, 0, 0, 0, 0, 0, 0, 0, 0, 0, 0, 0, 0, 0, 0, 0, 0, 0, 0, 0, 0, 0, 0,
0, 0, 0, 0, 0, 0, 0, 0, 0, 0, 0, 0, 0, 0, 0, 0, 0, 0, 0, 0, 0, 0, 0, 0, 0, 0, 0, 0, 0, 0, 0, 0, 0, 0, 0,
0, 0, 0, 0, 0, 0, 0, 0, 0, 0, 0, 0, 0, 0, 0, 0, 0, 0, 0, 0, 0, 0, 0, 0, 0, 0, 0, 0, 0, 0, 0, 0, 0, 0, 0,
0, 0, 0, 0, 0, 0, 0, 0, 0, 0, 0, 0, 0, 0, 0, 0, 0, 0, 0, 0, 0, 0, 0, 0, 0, 0, 0, 0, 0, 0, 0, 0, 0, 0, 0,
0, 0, 0, 0, 0, 0, 0, 0, 0, 0, 0, 0, 0, 0, 0, 0, 0, 0, 0, 0, 0, 0, 0, 0, 0, 0, 0, 0, 0, 0, 0, 0, 0, 0, 0,
0, 0, 0, 0, 0, 0, 0, 0, 0, 0, 0, 0, 0, 0, 0, 0, 0, 0, 0, 0, 0, 0, 0, 0, 0, 0, 0, 0, 0, 0, 0, 0, 0, 0, 0,
0, 0, 0, 0, 0, 0, 0, 0, 0, 0, 0, 0, 0, 0, 0, 0, 0, 0, 0, 0, 0, 0, 0, 0, 0, 0, 0, 0, 0, 0, 0, 0, 0, 0, 0,
0, 0, 0, 0, 0, 0, 0, 0, 0, 0, 0, 0, 0, 0, 0, 0, 0, 0, 0, 0, 0, 0, 0, 0, 0, 0, 0, 0, 0, 0, 0, 0, 0, 0, 0,
0, 0, 0, 0, 0, 0, 0, 0, 0, 0, 0, 0, 0, 0, 0, 0, 0, 0, 0, 0, 0, 0, 0, 0, 0, 0, 0, 0, 0, 0, 0, 0, 0, 0, 0,
0, 0, 0, 
print model ok!
start rec...
get noise again...
speeking...
frm_num=73
-72, 32, 20, 31, 26, 30, 27, 30, 30, 32, 29, 29, 212, 97, 72, -23, -81, -120, -65, 25, 76, -2, -2, -2, 260, 59, 69, -28, -120, -64, -48, 5, 84, 21, -37,
6, 242, 29, 61, -40, -127, -79, -30, -23, 87, -20, -61, 11, 202, 135, 59, -107, -129, -33, -16, -50, 59, -30, -78, 6, 247, 75, 80, -92, -128, -47, -7, 0, 59, -36,
-42, 4, 266, 95, 21, -98, -123, -46, -56, 0, 93, -30, -70, -34, 316, 79, -13, -73, -65, -77, -11, 34, 53, -36, -33, -3, 291, 121, -12, -109, -69, -80, -10, 42, 59,
-44, -48, -25, 274, 92, -37, -115, -105, -63, 15, 5, 30, -39, -50, -8, 274, 72, -40, -119, -61, -58, 63, 11, 29, -29, -52, -7, 214, -65, -128, -206, 62, 13, 70, -67,
-19, -26, -71, 28, 210, -77, -99, -198, 149, 29, 21, -89, 47, 0, -57, 20, 141, -129, -80, -143, 154, 45, -15, -55, 32, -33, -42, 33, 153, -115, -49, -146, 130, 107, -39,
-93, 10, 6, -37, 21, 156, -137, 0, -160, 168, 117, -68, -59, 21, -4, -54, -20, 169, -56, -64, -207, 164, 94, -61, -82, 25, -20, -47, 18, 141, 17, -85, -194, 146, 9,
-43, 2, 6, -22, -40, -21, 137, 20, -75, -203, 121, -5, 0, 22, -2, -67, -48, 4, 214, -17, -115, -221, 75, 35, -4, 19, -19, -105, -18, -1, 225, 55, -121, -237, 63,
0, 35, 33, -14, -77, -3, -6, 179, 94, -100, -247, 46, -41, -14, 40, 30, -52, -35, -55, 154, 82, -75, -219, 71, -32, -51, 17, 27, -51, -14, -12, 196, 81, -86, -251,
22, 34, -34, -4, 2, -28, 14, -6, 159, 32, -90, -291, 63, -25, -32, 15, 7, -24, 64, -29, 199, 67, -115, -178, 8, -25, -4, 80, 32, -17, 28, -28, 186, 41, -156,
-190, 138, 46, -28, 78, 13, -36, 11, -58, 200, 11, -70, -148, 98, -8, -49, 58, 7, -15, 15, -45, 204, 51, -55, -133, 109, -3, 0, 17, -12, -7, -2, -37, 151, 40,
19, -125, 58, 21, 11, 52, -20, -76, -5, -13, 139, 21, -60, -94, 70, 27, 21, 16, -40, -29, 9, -28, 94, 55, -61, -71, 44, 72, -21, 39, -8, -48, -62, 2, 67,
116, -49, -10, 61, 32, -53, 27, -27, -20, -23, 0, 47, 110, -63, 21, 27, 21, -31, 87, -13, -26, -87, 0, 34, 148, -110, -31, -9, 20, -28, 118, -19, -100, -28, -3,
-28, 163, -129, 14, 12, 35, -16, 95, -22, -43, -1, -23, -120, 147, -142, 51, 21, 52, -15, 68, -56, -23, -62, -22, -112, 158, -157, 25, -9, 101, 41, 121, -45, -34, -43,
-27, -133, 163, -105, 80, -21, 50, 26, 119, -26, -13, -61, -31, -125, 187, -67, 65, 18, 81, -42, 71, 17, -19, -54, -22, -96, 72, -57, 92, 22, 21, 18, 86, -21, -54,
-33, -13, 9, 99, -117, 66, -38, 4, -43, 20, -47, -27, 0, -32, 146, 4, -159, -23, -95, 11, 14, 72, -67, -43, -8, -27, 209, -23, -242, -50, 7, 39, 39, 27, -109,
-39, -11, -31, 212, -99, -297, -15, 23, 22, 10, 52, -89, -68, -16, -7, 245, -137, -295, 39, 26, -32, 31, 104, -71, -62, 60, 35, 260, -188, -298, 42, 13, -70, -11, 103,
-62, -51, 13, 64, 330, -237, -287, 21, 40, -76, -48, 142, -39, -87, -33, 52, 346, -197, -313, 78, 41, -96, -33, 114, -14, -79, -90, 50, 338, -252, -305, 90, 104, -47, -26,
114, -28, -110, -94, 33, 314, -217, -323, 34, 82, -25, -7, 101, -29, -93, -98, 5, 369, -226, -315, 54, 37, -62, -29, 136, -11, -76, -20, 0, 323, -156, -296, -18, 51, -12,
-63, 47, -4, -68, -5, 16, 362, -123, -261, 84, 62, -52, -90, 65, 54, -50, -56, -21, 283, -102, -190, 96, 92, -64, -56, 68, -8, -47, -9, -26, 360, -151, -244, 47, 122,
-30, -43, 81, -9, -88, 21, 34, 268, -134, -215, 32, 79, -52, -43, 131, 7, -35, -46, -30, 213, -103, -215, -17, 65, 19, 17, 100, 17, 9, -25, 19, 213, -119, -211, -15,
110, 9, -12, 79, 30, -33, -5, 7, 235, -88, -198, 4, 121, 50, 3, 22, -26, -39, -43, 15, 242, -73, -165, 4, 68, 2, -18, 81, -43, -65, -34, 4, 260, -117, -202,
45, 99, 17, -32, 70, -27, -56, -21, -19, 207, -102, -127, 96, 121, 14, -6, 21, -25, -68, -48, 0, 220, -55, -129, 61, 101, 7, -39, 64, 18, -28, -57, 5, 210, -79,
-137, 62, 98, -7, 3, 79, 18, -63, -51, 13, 248, -98, -135, 49, 59, 5, 4, 123, 8, -77, -27, 28, 208, -121, -141, 48, 105, 9, -11, 58, 0, -86, -15, 11, 150,
-72, -99, 66, 103, 15, -32, 67, 12, -62, 26, 33, 29, 77, -85, 20, -39, -13, 0, 36, 0, -52, 12, 47, 63, 149, -69, -31, -34, -71, -9, 54, 43, 2, -34, -8,
141, 127, -60, -81, -88, -50, 37, 52, 39, 0, -87, 5, 247, 88, -102, -81, -25, -38, 36, 13, 56, -28, -60, -3, 132, -41, -54, -11, -2, 8, 24, 22, -35, -46, -19,
30, 0, 0, 0, 0, 0, 0, 0, 0, 0, 0, 0, 0, 0, 0, 0, 0, 0, 0, 0, 0, 0, 0, 0, 0, 0, 0, 0, 0, 0, 0, 0, 0, 0, 0,
0, 0, 0, 0, 0, 0, 0, 0, 0, 0, 0, 0, 0, 0, 0, 0, 0, 0, 0, 0, 0, 0, 0, 0, 0, 0, 0, 0, 0, 0, 0, 0, 0, 0, 0,
0, 0, 0, 0, 0, 0, 0, 0, 0, 0, 0, 0, 0, 0, 0, 0, 0, 0, 0, 0, 0, 0, 0, 0, 0, 0, 0, 0, 0, 0, 0, 0, 0, 0, 0,
0, 0, 0, 0, 0, 0, 0, 0, 0, 0, 0, 0, 0, 0, 0, 0, 0, 0, 0, 0, 0, 0, 0, 0, 0, 0, 0, 0, 0, 0, 0, 0, 0, 0, 0,
0, 0, 0, 0, 0, 0, 0, 0, 0, 0, 0, 0, 0, 0, 0, 0, 0, 0, 0, 0, 0, 0, 0, 0, 0, 0, 0, 0, 0, 0, 0, 0, 0, 0, 0,
0, 0, 0, 0, 0, 0, 0, 0, 0, 0, 0, 0, 0, 0, 0, 0, 0, 0, 0, 0, 0, 0, 0, 0, 0, 0, 0, 0, 0, 0, 0, 0, 0, 0, 0,
0, 0, 0, 0, 0, 0, 0, 0, 0, 0, 0, 0, 0, 0, 0, 0, 0, 0, 0, 0, 0, 0, 0, 0, 0, 0, 0, 0, 0, 0, 0, 0, 0, 0, 0,
0, 0, 0, 0, 0, 0, 0, 0, 0, 0, 0, 0, 0, 0, 0, 0, 0, 0, 0, 0, 0, 0, 0, 0, 0, 0, 0, 0, 0, 0, 0, 0, 0, 0, 0,
0, 0, 0, 0, 0, 0, 0, 0, 0, 0, 0, 0, 0, 0, 0, 0, 0, 0, 0, 0, 0, 0, 0, 0, 0, 0, 0, 0, 0, 0, 0, 0, 0, 0, 0,
0, 0, 0, 0, 0, 0, 0, 0, 0, 0, 0, 0, 0, 0, 0, 0, 0, 0, 0, 0, 0, 0, 0, 0, 0, 0, 0, 0, 0, 0, 0, 0, 0, 0, 0,
0, 0, 0, 0, 0, 0, 0, 0, 0, 0, 0, 0, 0, 0, 0, 0, 0, 0, 0, 0, 0, 0, 0, 0, 0, 0, 0, 0, 0, 0, 0, 0, 0, 0, 0,
0, 0, 0, 0, 0, 0, 0, 0, 0, 0, 0, 0, 0, 0, 0, 0, 0, 0, 0, 0, 0, 0, 0, 0, 0, 0, 0, 0, 0, 0, 0, 0, 0, 0, 0,
0, 0, 0, 0, 0, 0, 0, 0, 0, 0, 0, 0, 0, 0, 0, 0, 0, 0, 0, 0, 0, 0, 0, 0, 0, 0, 0, 0, 0, 0, 0, 0, 0, 0, 0,
0, 0, 0, 0, 0, 0, 0, 0, 0, 0, 0, 0, 0, 0, 0, 0, 0, 0, 0, 0, 0, 0, 0, 0, 0, 0, 0, 0, 0, 0, 0, 0, 0, 0, 0,
0, 0, 0, 0, 0, 0, 0, 0, 0, 0, 0, 0, 0, 0, 0, 0, 0, 0, 0, 0, 0, 0, 0, 0, 0, 0, 0, 0, 0, 0, 0, 0, 0, 0, 0,
0, 0, 0, 0, 0, 0, 0, 0, 0, 0, 0, 0, 0, 0, 0, 0, 0, 0, 0, 0, 0, 0, 0, 0, 0, 0, 0, 0, 0, 0, 0, 0, 0, 0, 0,
0, 0, 0, 0, 0, 0, 0, 0, 0, 0, 0, 0, 0, 0, 0, 0, 0, 0, 0, 0, 0, 0, 0, 0, 0, 0, 0, 0, 0, 0, 0, 0, 0, 0, 0,
0, 0, 0, 0, 0, 0, 0, 0, 0, 0, 0, 0, 0, 0, 0, 0, 0, 0, 0, 0, 0, 0, 0, 0, 0, 0, 0, 0, 0, 0, 0, 0, 0, 0, 0,
0, 0, 0, 0, 0, 0, 0, 0, 0, 0, 0, 0, 0, 0, 0, 0, 0, 0, 0, 0, 0, 0, 0, 0, 0, 0, 0, 0, 0, 0, 0, 0, 0, 0, 0,
0, 0, 0, 0, 0, 0, 0, 0, 0, 0, 0, 0, 0, 0, 0, 0, 0, 0, 0, 0, 0, 0, 0, 0, 0, 0, 0, 0, 0, 0, 0, 0, 0, 0, 0,
0, 0, 0, 0, 0, 0, 0, 0, 0, 0, 0, 0, 0, 0, 0, 0, 0, 0, 0, 0, 0, 0, 0, 0, 0, 0, 0, 0, 0, 0, 0, 0, 0, 0, 0,
0, 0, 0, 0, 0, 0, 0, 0, 0, 0, 0, 0, 0, 0, 0, 0, 0, 0, 0, 0, 0, 0, 0, 0, 0, 0, 0, 0, 0, 0, 0, 0, 0, 0, 0,
0, 0, 0, 0, 0, 0, 0, 0, 0, 0, 0, 0, 0, 0, 0, 0, 0, 0, 0, 0, 0, 0, 0, 0, 0, 0, 0, 0, 0, 0, 0, 0, 0, 0, 0,
0, 0, 0, 0, 0, 0, 0, 0, 0, 0, 0, 0, 0, 0, 0, 0, 0, 0, 0, 0, 0, 0, 0, 0, 0, 0, 0, 0, 0, 0, 0, 0, 0, 0, 0,
0, 0, 0, 0, 0, 0, 0, 0, 0, 0, 0, 0, 0, 0, 0, 0, 0, 0, 0, 0, 0, 0, 0, 0, 0, 0, 0, 0, 0, 0, 0, 0, 0, 0, 0,
0, 0, 0, 0, 0, 0, 0, 0, 0, 0, 0, 0, 0, 0, 0, 0, 0, 0, 0, 0, 0, 0, 0, 0, 0, 0, 0, 0, 0, 0, 0, 0, 0, 0, 0,
0, 0, 0, 0, 0, 0, 0, 0, 0, 0, 0, 0, 0, 0, 0, 0, 0, 0, 0, 0, 0, 0, 0, 0, 0, 0, 0, 0, 0, 0, 0, 0, 0, 0, 0,
0, 0, 0, 0, 0, 0, 0, 0, 0, 0, 0, 0, 0, 0, 0, 0, 0, 0, 0, 0, 0, 0, 0, 0, 0, 0, 0, 0, 0, 0, 0, 0, 0, 0, 0,
0, 0, 0, 0, 0, 0, 0, 0, 0, 0, 0, 0, 0, 0, 0, 0, 0, 0, 0, 0, 0, 0, 0, 0, 0, 0, 0, 0, 0, 0, 0, 0, 0, 0, 0,
0, 0, 0, 0, 0, 0, 0, 0, 0, 0, 0, 0, 0, 0, 0, 0, 0, 0, 0, 0, 0, 0, 0, 0, 0, 0, 0, 0, 0, 0, 0, 0, 0, 0, 0,
0, 0, 0, 0, 0, 0, 0, 0, 0, 0, 0, 0, 0, 0, 0, 0, 0, 0, 0, 0, 0, 0, 0, 0, 0, 0, 0, 0, 0, 0, 0, 0, 0, 0, 0,
0, 0, 0, 0, 0, 0, 0, 0, 0, 0, 0, 0, 0, 0, 0, 0, 0, 0, 0, 0, 0, 0, 0, 0, 0, 0, 0, 0, 0, 0, 0, 0, 0, 0, 0,
0, 0, 0, 0, 0, 0, 0, 0, 0, 0, 0, 0, 0, 0, 0, 0, 0, 0, 0, 0, 0, 0, 0, 0, 0, 0, 0, 0, 0, 0, 0, 0, 0, 0, 0,
0, 0, 0, 0, 0, 0, 0, 0, 0, 0, 0, 0, 0, 0, 0, 0, 0, 0, 0, 0, 0, 0, 0, 0, 0, 0, 0, 0, 0, 0, 0, 0, 0, 0, 0,
0, 0, 0, 0, 0, 0, 0, 0, 0, 0, 0, 0, 0, 0, 0, 0, 0, 0, 0, 0, 0, 0, 0, 0, 0, 0, 0, 0, 0, 0, 0, 0, 0, 0, 0,
0, 0, 0, 0, 0, 0, 0, 0, 0, 0, 0, 0, 0, 0, 0, 0, 0, 0, 0, 0, 0, 0, 0, 0, 0, 0, 0, 0, 0, 0, 0, 0, 0, 0, 0,
0, 0, 0, 0, 0, 0, 0, 0, 0, 0, 0, 0, 0, 0, 0, 0, 0, 0, 0, 0, 0, 0, 0, 0, 0, 0, 0, 0, 0, 0, 0, 0, 0, 0, 0,
0, 0, 0, 0, 0, 0, 0, 0, 0, 0, 0, 0, 0, 0, 0, 0, 0, 0, 0, 0, 0, 0, 0, 0, 0, 0, 0, 0, 0, 0, 0, 0, 0, 0, 0,
0, 0, 0, 0, 0, 0, 0, 0, 0, 0, 0, 0, 0, 0, 0, 0, 0, 0, 0, 0, 0, 0, 0, 0, 0, 0, 0, 0, 0, 0, 0, 0, 0, 0, 0,
0, 0, 0, 0, 0, 0, 0, 0, 0, 0, 0, 0, 0, 0, 0, 0, 0, 0, 0, 0, 0, 0, 0, 0, 0, 0, 0, 0, 0, 0, 0, 0, 0, 0, 0,
0, 0, 0, 0, 0, 0, 0, 0, 0, 0, 0, 0, 0, 0, 0, 0, 0, 0, 0, 0, 0, 0, 0, 0, 0, 0, 0, 0, 0, 0, 0, 0, 0, 0, 0,
0, 0, 0, 0, 0, 0, 0, 0, 0, 0, 0, 0, 0, 0, 0, 0, 0, 0, 0, 0, 0, 0, 0, 0, 0, 0, 0, 0, 0, 0, 0, 0, 0, 0, 0,
0, 0, 0, 0, 0, 0, 0, 0, 0, 0, 0, 0, 0, 0, 0, 0, 0, 0, 0, 0, 0, 0, 0, 0, 0, 0, 0, 0, 0, 0, 0, 0, 0, 0, 0,
0, 0, 0, 0, 0, 0, 0, 0, 0, 0, 0, 0, 0, 0, 0, 0, 0, 0, 0, 0, 0, 0, 0, 0, 0, 0, 0, 0, 0, 0, 0, 0, 0, 0, 0,
0, 0, 0, 0, 0, 0, 0, 0, 0, 0, 0, 0, 0, 0, 0, 0, 0, 0, 0, 0, 0, 0, 0, 0, 0, 0, 0, 0, 0, 0, 0, 0, 0, 0, 0,
0, 0, 0, 0, 0, 0, 0, 0, 0, 0, 0, 0, 0, 0, 0, 0, 0, 0, 0, 0, 0, 0, 0, 0, 0, 0, 0, 0, 0, 0, 0, 0, 0, 0, 0,
0, 0, 0, 0, 0, 0, 0, 0, 0, 0, 0, 0, 0, 0, 0, 0, 0, 0, 0, 0, 0, 0, 0, 0, 0, 0, 0, 0, 0, 0, 0, 0, 0, 0, 0,
0, 0, 0, 0, 0, 0, 0, 0, 0, 0, 0, 0, 0, 0, 0, 0, 0, 0, 0, 0, 0, 0, 0, 0, 0, 0, 0, 0, 0, 0, 0, 0, 0, 0, 0,
0, 0, 0, 0, 0, 0, 0, 0, 0, 0, 0, 0, 0, 0, 0, 0, 0, 0, 0, 0, 0, 0, 0, 0, 0, 0, 0, 0, 0, 0, 0, 0, 0, 0, 0,
0, 0, 0, 0, 0, 0, 0, 0, 0, 0, 0, 0, 0, 0, 0, 0, 0, 0, 0, 0, 0, 0, 0, 0, 0, 0, 0, 0, 0, 0, 0, 0, 0, 0, 0,
0, 0, 0, 
print model ok!
start rec...
get noise again...
speeking...
frm_num=81
-64, 36, 26, 37, 31, 36, 34, 37, 36, 37, 34, 34, 209, 84, 41, -24, -13, -65, -14, 45, 40, 0, 6, 17, 189, 93, 30, -1, -82, -63, -65, 13, 46, 41, -40,
-59, 231, 25, 6, -14, -103, -93, -30, 28, 41, -32, -52, -25, 247, 70, 80, -90, -129, -30, 16, 20, 30, 5, -52, -22, 219, 123, 27, -110, -159, -45, 39, 12, 28, -41,
-46, -34, 241, 98, 25, -60, -157, -74, 34, 56, 48, -51, -72, -18, 267, 83, -1, -84, -111, -48, -4, 45, 58, -31, -74, -23, 295, 91, -59, -71, -103, -78, 2, 47, 45,
-50, -31, -26, 316, 109, -34, -92, -116, -55, 25, 37, 34, -14, -45, -20, 267, -49, -62, -166, -60, 55, 73, -30, -21, -12, -72, 37, 196, -139, -53, -170, 29, 46, 58, -84,
-3, 5, -63, 36, 182, -208, -109, -120, 38, 68, 33, -87, -10, -25, -62, 38, 167, -202, -85, -108, 59, 73, 15, -72, 2, -33, -38, 51, 152, -169, -100, -197, 49, 70, 35,
-77, -3, -45, -20, 26, 128, -128, -96, -137, 0, 60, -11, -43, 32, -36, -22, -14, 134, -94, -79, -138, 14, 92, -12, -40, 23, -54, 11, 8, 173, -73, -120, -154, 19, 114,
-8, -27, 0, -64, 8, 25, 213, -55, -126, -225, 14, 116, 27, -29, 8, -97, 25, -6, 261, -28, -100, -244, -14, 150, 1, 16, 23, -110, 44, -28, 237, -6, -121, -263, 53,
32, -24, 62, 3, -46, -56, -53, 191, 20, -81, -229, 54, 46, -7, 50, -1, -83, -6, -10, 181, 4, -68, -194, 81, 21, -29, -9, 2, -77, 18, 2, 128, -20, -40, -181,
92, 4, -65, -16, -16, -66, 23, -9, 94, 15, -3, -77, 112, -11, -59, 25, 0, -50, 28, -16, 198, 17, -61, -142, 46, -18, -23, 36, 7, -67, 16, -13, 179, 6, -74,
-154, 91, 40, 23, 42, 5, -66, 31, 44, 164, -33, -63, -175, 79, 44, -43, 3, 23, 0, -1, -12, 157, 0, -67, -156, 43, 23, -5, 69, 46, 5, 13, -44, 109, -36,
-118, -167, 63, 19, 13, 121, 95, 2, -12, 13, 5, -20, -203, -156, 0, 46, -16, 106, 94, -24, -4, 22, 24, 52, -189, -40, -22, 89, 12, 103, 50, -16, 19, 40, 33,
139, -194, -30, -52, 99, 14, 58, -4, -39, 10, 18, 45, 179, -195, -56, 1, 109, 26, 63, 0, -74, -17, 17, 41, 153, -168, -42, -8, 98, 2, 57, -14, -62, 5, 28,
-39, 134, -148, 59, -19, 109, 7, 39, -25, -61, 7, 5, -113, 141, -112, 86, 13, 99, -53, 29, -15, -56, 0, 47, -129, 130, -194, 61, 10, 113, -3, 69, -27, -33, 17,
32, -98, 151, -184, 17, 12, 104, 28, 88, -42, -19, 2, 30, -74, 64, -152, 86, 20, 74, -29, 94, -4, -46, -33, 35, -62, 54, -110, 43, 2, 89, 10, 72, 19, -42,
-10, -2, -39, 112, -29, 110, -46, 10, -68, 36, 14, 20, 4, 6, 144, 60, -198, -32, -98, 58, 4, 50, -34, -54, -29, -15, 199, -50, -240, 0, -20, 15, 38, 73, -75,
-95, 9, 10, 227, -160, -284, 88, -42, -24, 25, 84, -65, -67, 9, 9, 252, -196, -310, 84, 27, -109, -11, 104, -56, -64, 32, 26, 345, -248, -320, 78, 13, -86, 2, 113,
-28, -100, 4, 32, 303, -170, -341, 40, 31, -20, -40, 79, -13, -60, -53, 22, 319, -217, -314, 74, 87, -11, -37, 73, -54, -85, -25, 22, 311, -229, -336, 77, 98, 34, -34,
77, 1, -98, -57, -1, 331, -163, -332, 14, 92, -8, -25, 77, -2, -26, -48, -45, 341, -134, -331, 15, 131, 9, -54, 33, -4, -17, 12, -5, 336, -139, -330, 69, 97, -24,
-53, 111, -12, -44, -25, 13, 334, -154, -269, 80, 123, 0, -14, 90, -32, -47, -68, 8, 330, -157, -256, 104, 160, -24, -42, 87, -18, -69, -35, 9, 312, -153, -261, 114, 123,
28, -17, 70, -62, -93, -28, 64, 200, -164, -183, 44, 71, 23, -3, 51, -56, -54, 37, 87, 218, -179, -221, 91, 120, 30, 5, 81, -24, -52, 10, 111, 193, -184, -251, 97,
126, 20, -62, 32, 13, -29, -5, 15, 214, -148, -223, 37, 119, 5, -35, 84, 6, -52, -35, -22, 201, -164, -251, 59, 63, -31, 2, 86, -26, -111, -97, -39, 215, -110, -190,
63, 62, 25, 19, 63, -7, -44, -50, -4, 214, -76, -228, 66, 112, 12, -11, 34, 7, -47, -38, -15, 212, -134, -168, 92, 173, 10, -42, 54, -12, -51, 23, 5, 184, -139,
-164, 91, 179, 47, -10, 63, 22, -61, -14, 29, 149, -116, -192, 97, 102, -28, -16, 66, 29, -39, -38, 14, 145, -88, -142, 82, 123, -8, -23, 34, 56, -23, -13, -14, 26,
-102, -175, 127, 133, 7, 8, 49, 33, -51, 21, 27, 48, -77, -176, 95, 121, 32, 28, 39, -3, -71, 56, 55, -23, -34, -260, 92, 95, 106, 47, 97, 38, -46, 29, 25,
-164, 25, -276, 139, 0, 67, 23, 48, 63, -14, 40, 89, -7, 134, -211, 98, -3, -26, 17, 56, 25, -28, 10, 38, 85, 87, -133, -13, -52, 34, 4, 21, 54, -4, -35,
6, 149, 81, -104, -70, -92, 43, 43, 65, 14, -19, -57, 2, 157, 59, -95, -62, -46, 56, 42, 55, 16, -46, -55, -11, 98, 3, -114, 10, 0, 91, 74, 43, -86, -67,
-27, -8, 116, -102, -135, 43, 10, 90, 115, 44, -56, -24, -5, -51, 29, -206, -122, 73, 23, 79, 98, 77, -75, -18, 17, 1, -1, -199, -142, 20, 63, 46, 35, 59, -25,
-1, 30, 22, 41, -162, -131, 34, -35, -5, 84, 112, -60, 3, -17, -34, 12, -190, -99, 95, 26, -34, 88, 82, -73, 24, 1, -15, 0, 0, 0, 0, 0, 0, 0, 0,
0, 0, 0, 0, 0, 0, 0, 0, 0, 0, 0, 0, 0, 0, 0, 0, 0, 0, 0, 0, 0, 0, 0, 0, 0, 0, 0, 0, 0, 0, 0, 0, 0, 0, 0,
0, 0, 0, 0, 0, 0, 0, 0, 0, 0, 0, 0, 0, 0, 0, 0, 0, 0, 0, 0, 0, 0, 0, 0, 0, 0, 0, 0, 0, 0, 0, 0, 0, 0, 0,
0, 0, 0, 0, 0, 0, 0, 0, 0, 0, 0, 0, 0, 0, 0, 0, 0, 0, 0, 0, 0, 0, 0, 0, 0, 0, 0, 0, 0, 0, 0, 0, 0, 0, 0,
0, 0, 0, 0, 0, 0, 0, 0, 0, 0, 0, 0, 0, 0, 0, 0, 0, 0, 0, 0, 0, 0, 0, 0, 0, 0, 0, 0, 0, 0, 0, 0, 0, 0, 0,
0, 0, 0, 0, 0, 0, 0, 0, 0, 0, 0, 0, 0, 0, 0, 0, 0, 0, 0, 0, 0, 0, 0, 0, 0, 0, 0, 0, 0, 0, 0, 0, 0, 0, 0,
0, 0, 0, 0, 0, 0, 0, 0, 0, 0, 0, 0, 0, 0, 0, 0, 0, 0, 0, 0, 0, 0, 0, 0, 0, 0, 0, 0, 0, 0, 0, 0, 0, 0, 0,
0, 0, 0, 0, 0, 0, 0, 0, 0, 0, 0, 0, 0, 0, 0, 0, 0, 0, 0, 0, 0, 0, 0, 0, 0, 0, 0, 0, 0, 0, 0, 0, 0, 0, 0,
0, 0, 0, 0, 0, 0, 0, 0, 0, 0, 0, 0, 0, 0, 0, 0, 0, 0, 0, 0, 0, 0, 0, 0, 0, 0, 0, 0, 0, 0, 0, 0, 0, 0, 0,
0, 0, 0, 0, 0, 0, 0, 0, 0, 0, 0, 0, 0, 0, 0, 0, 0, 0, 0, 0, 0, 0, 0, 0, 0, 0, 0, 0, 0, 0, 0, 0, 0, 0, 0,
0, 0, 0, 0, 0, 0, 0, 0, 0, 0, 0, 0, 0, 0, 0, 0, 0, 0, 0, 0, 0, 0, 0, 0, 0, 0, 0, 0, 0, 0, 0, 0, 0, 0, 0,
0, 0, 0, 0, 0, 0, 0, 0, 0, 0, 0, 0, 0, 0, 0, 0, 0, 0, 0, 0, 0, 0, 0, 0, 0, 0, 0, 0, 0, 0, 0, 0, 0, 0, 0,
0, 0, 0, 0, 0, 0, 0, 0, 0, 0, 0, 0, 0, 0, 0, 0, 0, 0, 0, 0, 0, 0, 0, 0, 0, 0, 0, 0, 0, 0, 0, 0, 0, 0, 0,
0, 0, 0, 0, 0, 0, 0, 0, 0, 0, 0, 0, 0, 0, 0, 0, 0, 0, 0, 0, 0, 0, 0, 0, 0, 0, 0, 0, 0, 0, 0, 0, 0, 0, 0,
0, 0, 0, 0, 0, 0, 0, 0, 0, 0, 0, 0, 0, 0, 0, 0, 0, 0, 0, 0, 0, 0, 0, 0, 0, 0, 0, 0, 0, 0, 0, 0, 0, 0, 0,
0, 0, 0, 0, 0, 0, 0, 0, 0, 0, 0, 0, 0, 0, 0, 0, 0, 0, 0, 0, 0, 0, 0, 0, 0, 0, 0, 0, 0, 0, 0, 0, 0, 0, 0,
0, 0, 0, 0, 0, 0, 0, 0, 0, 0, 0, 0, 0, 0, 0, 0, 0, 0, 0, 0, 0, 0, 0, 0, 0, 0, 0, 0, 0, 0, 0, 0, 0, 0, 0,
0, 0, 0, 0, 0, 0, 0, 0, 0, 0, 0, 0, 0, 0, 0, 0, 0, 0, 0, 0, 0, 0, 0, 0, 0, 0, 0, 0, 0, 0, 0, 0, 0, 0, 0,
0, 0, 0, 0, 0, 0, 0, 0, 0, 0, 0, 0, 0, 0, 0, 0, 0, 0, 0, 0, 0, 0, 0, 0, 0, 0, 0, 0, 0, 0, 0, 0, 0, 0, 0,
0, 0, 0, 0, 0, 0, 0, 0, 0, 0, 0, 0, 0, 0, 0, 0, 0, 0, 0, 0, 0, 0, 0, 0, 0, 0, 0, 0, 0, 0, 0, 0, 0, 0, 0,
0, 0, 0, 0, 0, 0, 0, 0, 0, 0, 0, 0, 0, 0, 0, 0, 0, 0, 0, 0, 0, 0, 0, 0, 0, 0, 0, 0, 0, 0, 0, 0, 0, 0, 0,
0, 0, 0, 0, 0, 0, 0, 0, 0, 0, 0, 0, 0, 0, 0, 0, 0, 0, 0, 0, 0, 0, 0, 0, 0, 0, 0, 0, 0, 0, 0, 0, 0, 0, 0,
0, 0, 0, 0, 0, 0, 0, 0, 0, 0, 0, 0, 0, 0, 0, 0, 0, 0, 0, 0, 0, 0, 0, 0, 0, 0, 0, 0, 0, 0, 0, 0, 0, 0, 0,
0, 0, 0, 0, 0, 0, 0, 0, 0, 0, 0, 0, 0, 0, 0, 0, 0, 0, 0, 0, 0, 0, 0, 0, 0, 0, 0, 0, 0, 0, 0, 0, 0, 0, 0,
0, 0, 0, 0, 0, 0, 0, 0, 0, 0, 0, 0, 0, 0, 0, 0, 0, 0, 0, 0, 0, 0, 0, 0, 0, 0, 0, 0, 0, 0, 0, 0, 0, 0, 0,
0, 0, 0, 0, 0, 0, 0, 0, 0, 0, 0, 0, 0, 0, 0, 0, 0, 0, 0, 0, 0, 0, 0, 0, 0, 0, 0, 0, 0, 0, 0, 0, 0, 0, 0,
0, 0, 0, 0, 0, 0, 0, 0, 0, 0, 0, 0, 0, 0, 0, 0, 0, 0, 0, 0, 0, 0, 0, 0, 0, 0, 0, 0, 0, 0, 0, 0, 0, 0, 0,
0, 0, 0, 0, 0, 0, 0, 0, 0, 0, 0, 0, 0, 0, 0, 0, 0, 0, 0, 0, 0, 0, 0, 0, 0, 0, 0, 0, 0, 0, 0, 0, 0, 0, 0,
0, 0, 0, 0, 0, 0, 0, 0, 0, 0, 0, 0, 0, 0, 0, 0, 0, 0, 0, 0, 0, 0, 0, 0, 0, 0, 0, 0, 0, 0, 0, 0, 0, 0, 0,
0, 0, 0, 0, 0, 0, 0, 0, 0, 0, 0, 0, 0, 0, 0, 0, 0, 0, 0, 0, 0, 0, 0, 0, 0, 0, 0, 0, 0, 0, 0, 0, 0, 0, 0,
0, 0, 0, 0, 0, 0, 0, 0, 0, 0, 0, 0, 0, 0, 0, 0, 0, 0, 0, 0, 0, 0, 0, 0, 0, 0, 0, 0, 0, 0, 0, 0, 0, 0, 0,
0, 0, 0, 0, 0, 0, 0, 0, 0, 0, 0, 0, 0, 0, 0, 0, 0, 0, 0, 0, 0, 0, 0, 0, 0, 0, 0, 0, 0, 0, 0, 0, 0, 0, 0,
0, 0, 0, 0, 0, 0, 0, 0, 0, 0, 0, 0, 0, 0, 0, 0, 0, 0, 0, 0, 0, 0, 0, 0, 0, 0, 0, 0, 0, 0, 0, 0, 0, 0, 0,
0, 0, 0, 0, 0, 0, 0, 0, 0, 0, 0, 0, 0, 0, 0, 0, 0, 0, 0, 0, 0, 0, 0, 0, 0, 0, 0, 0, 0, 0, 0, 0, 0, 0, 0,
0, 0, 0, 0, 0, 0, 0, 0, 0, 0, 0, 0, 0, 0, 0, 0, 0, 0, 0, 0, 0, 0, 0, 0, 0, 0, 0, 0, 0, 0, 0, 0, 0, 0, 0,
0, 0, 0, 0, 0, 0, 0, 0, 0, 0, 0, 0, 0, 0, 0, 0, 0, 0, 0, 0, 0, 0, 0, 0, 0, 0, 0, 0, 0, 0, 0, 0, 0, 0, 0,
0, 0, 0, 0, 0, 0, 0, 0, 0, 0, 0, 0, 0, 0, 0, 0, 0, 0, 0, 0, 0, 0, 0, 0, 0, 0, 0, 0, 0, 0, 0, 0, 0, 0, 0,
0, 0, 0, 0, 0, 0, 0, 0, 0, 0, 0, 0, 0, 0, 0, 0, 0, 0, 0, 0, 0, 0, 0, 0, 0, 0, 0, 0, 0, 0, 0, 0, 0, 0, 0,
0, 0, 0, 0, 0, 0, 0, 0, 0, 0, 0, 0, 0, 0, 0, 0, 0, 0, 0, 0, 0, 0, 0, 0, 0, 0, 0, 0, 0, 0, 0, 0, 0, 0, 0,
0, 0, 0, 0, 0, 0, 0, 0, 0, 0, 0, 0, 0, 0, 0, 0, 0, 0, 0, 0, 0, 0, 0, 0, 0, 0, 0, 0, 0, 0, 0, 0, 0, 0, 0,
0, 0, 0, 0, 0, 0, 0, 0, 0, 0, 0, 0, 0, 0, 0, 0, 0, 0, 0, 0, 0, 0, 0, 0, 0, 0, 0, 0, 0, 0, 0, 0, 0, 0, 0,
0, 0, 0, 0, 0, 0, 0, 0, 0, 0, 0, 0, 0, 0, 0, 0, 0, 0, 0, 0, 0, 0, 0, 0, 0, 0, 0, 0, 0, 0, 0, 0, 0, 0, 0,
0, 0, 0, 0, 0, 0, 0, 0, 0, 0, 0, 0, 0, 0, 0, 0, 0, 0, 0, 0, 0, 0, 0, 0, 0, 0, 0, 0, 0, 0, 0, 0, 0, 0, 0,
0, 0, 0, 0, 0, 0, 0, 0, 0, 0, 0, 0, 0, 0, 0, 0, 0, 0, 0, 0, 0, 0, 0, 0, 0, 0, 0, 0, 0, 0, 0, 0, 0, 0, 0,
0, 0, 0, 0, 0, 0, 0, 0, 0, 0, 0, 0, 0, 0, 0, 0, 0, 0, 0, 0, 0, 0, 0, 0, 0, 0, 0, 0, 0, 0, 0, 0, 0, 0, 0,
0, 0, 0, 0, 0, 0, 0, 0, 0, 0, 0, 0, 0, 0, 0, 0, 0, 0, 0, 0, 0, 0, 0, 0, 0, 0, 0, 0, 0, 0, 0, 0, 0, 0, 0,
0, 0, 0, 0, 0, 0, 0, 0, 0, 0, 0, 0, 0, 0, 0, 0, 0, 0, 0, 0, 0, 0, 0, 0, 0, 0, 0, 0, 0, 0, 0, 0, 0, 0, 0,
0, 0, 0, 0, 0, 0, 0, 0, 0, 0, 0, 0, 0, 0, 0, 0, 0, 0, 0, 0, 0, 0, 0, 0, 0, 0, 0, 0, 0, 0, 0, 0, 0, 0, 0,
0, 0, 0, 
print model ok!
