start rec...
get noise again...
speeking...
frm_num=73
-71, 33, 22, 33, 27, 32, 30, 33, 32, 34, 30, 30, 143, 64, 73, 104, 20, -107, -73, 45, -6, -28, 10, -7, 217, 104, 78, 46, 25, -70, -42, 17, -25, -21, 34,
-24, 198, 90, 52, 69, 36, -90, -78, -6, 9, -40, -54, 5, 260, 74, 35, 41, 41, -94, -67, 0, -12, -16, 18, -32, 243, 106, 34, 64, 63, -62, -98, -29, -7, -16,
4, 4, 236, 94, 62, 35, 54, -49, -89, -43, -44, 3, -14, 13, 273, 91, 66, 37, -3, -59, -72, 11, 9, 24, -18, -53, 279, 72, 41, 58, 1, -84, -27, 37, -13,
-8, -28, -39, 293, 82, 46, -12, -17, -53, -20, 32, -13, -28, 2, -34, 297, 68, 35, 3, -43, -35, -14, 41, 3, -40, -14, -21, 294, 84, -12, -37, 13, -56, -30, 84,
-4, -69, -10, 14, 300, 3, -32, -31, -16, -37, -7, 43, 6, -41, -30, 8, 346, -7, -67, -10, -66, -95, -29, 70, 33, -46, -30, -36, 348, -31, -59, 24, -68, -169, 0,
108, -6, -88, -42, 2, 340, -11, -2, -45, -89, -121, 15, 75, -62, -62, -18, -43, 280, 27, 55, -145, -73, -13, -38, 81, -33, -89, -12, -42, 261, 14, 99, -219, -117, -37,
-7, 116, -14, -116, -15, -1, 161, 58, 79, -272, -89, -75, 0, 132, 27, -118, 13, 22, 122, 53, -3, -256, -93, -53, -57, 133, 47, -61, 24, -21, 167, 101, 22, -285, -68,
-77, 14, 63, 29, -29, -35, -5, 135, 136, 0, -272, -51, -137, 14, 70, 13, -92, -54, -39, 145, 207, -29, -226, -27, -90, -49, 82, 60, -66, -76, -30, 139, 186, -18, -204,
-52, -101, -73, 102, 24, -108, -18, -6, 96, 147, 64, -204, -35, -128, -97, 83, 10, -97, 0, -25, 126, 83, 6, -175, -8, -52, -53, 121, -20, -80, -27, -49, 153, 113, -1,
-237, -4, -47, -9, 177, -21, -95, -46, -10, 159, 85, 26, -224, 10, -26, -17, 156, -3, -110, -13, -7, 110, 68, 23, -208, 20, -13, 9, 91, 18, -74, -55, -62, 83, 49,
26, -228, 60, -2, -11, 99, -14, -97, -21, -34, 104, 11, 12, -135, 41, -29, -1, 116, 12, -44, -25, -21, 89, 40, 15, -121, 14, -59, -69, 96, 88, -7, -30, -3, 153,
70, 33, -154, -34, -48, 4, 137, 47, -34, 21, -14, 77, 21, 88, -58, -46, -70, 17, 58, 21, -17, -13, -20, 51, -85, 93, 14, -36, -14, -15, 22, -30, -35, -25, -36,
83, -111, 52, 39, -36, 16, -28, 41, 65, 20, -86, -43, 171, -82, -24, -85, -37, -43, 25, 82, -30, -40, -11, -11, 304, -154, -153, -104, -3, -6, 58, 5, -90, -32, -27,
-31, 279, -224, -172, -115, 51, 17, 53, 21, -124, -68, 7, -34, 297, -246, -200, -31, 27, -18, 64, 31, -106, -37, 56, -25, 273, -284, -254, -55, 27, -72, 62, 45, -90, -40,
111, -14, 269, -349, -221, -48, 27, -44, 77, 56, -108, -61, 75, 2, 271, -304, -206, -18, 68, -42, 106, 56, -125, -53, 33, -24, 279, -289, -191, -25, 32, -60, 105, 91, -97,
-52, 25, -18, 254, -244, -122, -7, -18, -122, 32, 116, -36, -42, 81, -18, 356, -204, -115, -13, 4, -96, -4, 69, -90, -24, 92, -11, 349, -140, -134, 44, 70, -46, -10, 25,
-111, -87, 61, -10, 359, -142, -138, 23, 45, -34, 24, 50, -106, -70, 22, 6, 272, -187, -81, 79, 27, -58, 99, 123, -52, -61, 38, -24, 304, -154, -78, 69, 21, -88, 70,
122, -131, -93, 54, -6, 296, -174, -71, 70, 27, -27, 102, 110, -120, -102, 39, -49, 305, -171, -122, 84, 24, -36, 94, 102, -103, -99, 39, -32, 234, -197, -58, 96, 52, -28,
66, 78, -72, -75, 50, -34, 209, -207, -129, 63, 60, -36, 54, 34, -21, 0, 58, 20, 184, -150, -124, 50, 134, 29, 12, 11, -31, 7, 71, 26, 211, -134, -58, 101, 113,
-12, 8, 10, -69, -5, 72, -10, 207, -46, -115, 111, 41, -22, 55, 36, -73, -68, 47, -15, 145, 28, -182, 124, -36, -43, 51, 43, -98, -47, 37, -48, -25, 110, -198, 188,
-22, 13, 20, 25, -67, -49, 38, -11, -43, 111, -178, 168, -58, -51, 28, 85, -52, -78, 7, 4, -111, 120, -124, 94, -7, 4, 96, 131, -80, -66, -33, 11, -72, 165, -65,
42, -14, -20, 13, 70, -16, -44, -48, -3, 71, 167, -57, -87, -116, -15, -11, 41, 42, -18, -83, -23, 163, 63, -120, -130, -86, 4, 16, 49, 0, -30, -79, -2, 147, 36,
-136, -51, -41, -8, 57, 59, -51, -12, -95, -16, 205, 2, -167, -64, -3, 82, 20, 9, -60, -10, -55, -37, 151, -82, -128, -25, 71, 30, 15, 20, -110, 28, -51, -20, 120,
-181, -115, 1, 37, 70, 76, 55, -106, -15, -49, -67, 91, -196, -83, 37, 15, -21, 58, 95, -82, 11, 17, -81, 60, -284, -100, 24, 25, -19, 77, 67, -114, 26, -8, -72,
145, -194, -55, -23, 33, 0, 33, 83, -40, 30, -15, -124, 113, -217, -57, 33, 30, -18, 46, 49, -95, -5, 15, -73, 82, -210, -114, 23, 77, -12, 68, 38, -150, -2, 17,
-52, 0, 0, 0, 0, 0, 0, 0, 0, 0, 0, 0, 0, 0, 0, 0, 0, 0, 0, 0, 0, 0, 0, 0, 0, 0, 0, 0, 0, 0, 0, 0, 0, 0, 0,
0, 0, 0, 0, 0, 0, 0, 0, 0, 0, 0, 0, 0, 0, 0, 0, 0, 0, 0, 0, 0, 0, 0, 0, 0, 0, 0, 0, 0, 0, 0, 0, 0, 0, 0,
0, 0, 0, 0, 0, 0, 0, 0, 0, 0, 0, 0, 0, 0, 0, 0, 0, 0, 0, 0, 0, 0, 0, 0, 0, 0, 0, 0, 0, 0, 0, 0, 0, 0, 0,
0, 0, 0, 0, 0, 0, 0, 0, 0, 0, 0, 0, 0, 0, 0, 0, 0, 0, 0, 0, 0, 0, 0, 0, 0, 0, 0, 0, 0, 0, 0, 0, 0, 0, 0,
0, 0, 0, 0, 0, 0, 0, 0, 0, 0, 0, 0, 0, 0, 0, 0, 0, 0, 0, 0, 0, 0, 0, 0, 0, 0, 0, 0, 0, 0, 0, 0, 0, 0, 0,
0, 0, 0, 0, 0, 0, 0, 0, 0, 0, 0, 0, 0, 0, 0, 0, 0, 0, 0, 0, 0, 0, 0, 0, 0, 0, 0, 0, 0, 0, 0, 0, 0, 0, 0,
0, 0, 0, 0, 0, 0, 0, 0, 0, 0, 0, 0, 0, 0, 0, 0, 0, 0, 0, 0, 0, 0, 0, 0, 0, 0, 0, 0, 0, 0, 0, 0, 0, 0, 0,
0, 0, 0, 0, 0, 0, 0, 0, 0, 0, 0, 0, 0, 0, 0, 0, 0, 0, 0, 0, 0, 0, 0, 0, 0, 0, 0, 0, 0, 0, 0, 0, 0, 0, 0,
0, 0, 0, 0, 0, 0, 0, 0, 0, 0, 0, 0, 0, 0, 0, 0, 0, 0, 0, 0, 0, 0, 0, 0, 0, 0, 0, 0, 0, 0, 0, 0, 0, 0, 0,
0, 0, 0, 0, 0, 0, 0, 0, 0, 0, 0, 0, 0, 0, 0, 0, 0, 0, 0, 0, 0, 0, 0, 0, 0, 0, 0, 0, 0, 0, 0, 0, 0, 0, 0,
0, 0, 0, 0, 0, 0, 0, 0, 0, 0, 0, 0, 0, 0, 0, 0, 0, 0, 0, 0, 0, 0, 0, 0, 0, 0, 0, 0, 0, 0, 0, 0, 0, 0, 0,
0, 0, 0, 0, 0, 0, 0, 0, 0, 0, 0, 0, 0, 0, 0, 0, 0, 0, 0, 0, 0, 0, 0, 0, 0, 0, 0, 0, 0, 0, 0, 0, 0, 0, 0,
0, 0, 0, 0, 0, 0, 0, 0, 0, 0, 0, 0, 0, 0, 0, 0, 0, 0, 0, 0, 0, 0, 0, 0, 0, 0, 0, 0, 0, 0, 0, 0, 0, 0, 0,
0, 0, 0, 0, 0, 0, 0, 0, 0, 0, 0, 0, 0, 0, 0, 0, 0, 0, 0, 0, 0, 0, 0, 0, 0, 0, 0, 0, 0, 0, 0, 0, 0, 0, 0,
0, 0, 0, 0, 0, 0, 0, 0, 0, 0, 0, 0, 0, 0, 0, 0, 0, 0, 0, 0, 0, 0, 0, 0, 0, 0, 0, 0, 0, 0, 0, 0, 0, 0, 0,
0, 0, 0, 0, 0, 0, 0, 0, 0, 0, 0, 0, 0, 0, 0, 0, 0, 0, 0, 0, 0, 0, 0, 0, 0, 0, 0, 0, 0, 0, 0, 0, 0, 0, 0,
0, 0, 0, 0, 0, 0, 0, 0, 0, 0, 0, 0, 0, 0, 0, 0, 0, 0, 0, 0, 0, 0, 0, 0, 0, 0, 0, 0, 0, 0, 0, 0, 0, 0, 0,
0, 0, 0, 0, 0, 0, 0, 0, 0, 0, 0, 0, 0, 0, 0, 0, 0, 0, 0, 0, 0, 0, 0, 0, 0, 0, 0, 0, 0, 0, 0, 0, 0, 0, 0,
0, 0, 0, 0, 0, 0, 0, 0, 0, 0, 0, 0, 0, 0, 0, 0, 0, 0, 0, 0, 0, 0, 0, 0, 0, 0, 0, 0, 0, 0, 0, 0, 0, 0, 0,
0, 0, 0, 0, 0, 0, 0, 0, 0, 0, 0, 0, 0, 0, 0, 0, 0, 0, 0, 0, 0, 0, 0, 0, 0, 0, 0, 0, 0, 0, 0, 0, 0, 0, 0,
0, 0, 0, 0, 0, 0, 0, 0, 0, 0, 0, 0, 0, 0, 0, 0, 0, 0, 0, 0, 0, 0, 0, 0, 0, 0, 0, 0, 0, 0, 0, 0, 0, 0, 0,
0, 0, 0, 0, 0, 0, 0, 0, 0, 0, 0, 0, 0, 0, 0, 0, 0, 0, 0, 0, 0, 0, 0, 0, 0, 0, 0, 0, 0, 0, 0, 0, 0, 0, 0,
0, 0, 0, 0, 0, 0, 0, 0, 0, 0, 0, 0, 0, 0, 0, 0, 0, 0, 0, 0, 0, 0, 0, 0, 0, 0, 0, 0, 0, 0, 0, 0, 0, 0, 0,
0, 0, 0, 0, 0, 0, 0, 0, 0, 0, 0, 0, 0, 0, 0, 0, 0, 0, 0, 0, 0, 0, 0, 0, 0, 0, 0, 0, 0, 0, 0, 0, 0, 0, 0,
0, 0, 0, 0, 0, 0, 0, 0, 0, 0, 0, 0, 0, 0, 0, 0, 0, 0, 0, 0, 0, 0, 0, 0, 0, 0, 0, 0, 0, 0, 0, 0, 0, 0, 0,
0, 0, 0, 0, 0, 0, 0, 0, 0, 0, 0, 0, 0, 0, 0, 0, 0, 0, 0, 0, 0, 0, 0, 0, 0, 0, 0, 0, 0, 0, 0, 0, 0, 0, 0,
0, 0, 0, 0, 0, 0, 0, 0, 0, 0, 0, 0, 0, 0, 0, 0, 0, 0, 0, 0, 0, 0, 0, 0, 0, 0, 0, 0, 0, 0, 0, 0, 0, 0, 0,
0, 0, 0, 0, 0, 0, 0, 0, 0, 0, 0, 0, 0, 0, 0, 0, 0, 0, 0, 0, 0, 0, 0, 0, 0, 0, 0, 0, 0, 0, 0, 0, 0, 0, 0,
0, 0, 0, 0, 0, 0, 0, 0, 0, 0, 0, 0, 0, 0, 0, 0, 0, 0, 0, 0, 0, 0, 0, 0, 0, 0, 0, 0, 0, 0, 0, 0, 0, 0, 0,
0, 0, 0, 0, 0, 0, 0, 0, 0, 0, 0, 0, 0, 0, 0, 0, 0, 0, 0, 0, 0, 0, 0, 0, 0, 0, 0, 0, 0, 0, 0, 0, 0, 0, 0,
0, 0, 0, 0, 0, 0, 0, 0, 0, 0, 0, 0, 0, 0, 0, 0, 0, 0, 0, 0, 0, 0, 0, 0, 0, 0, 0, 0, 0, 0, 0, 0, 0, 0, 0,
0, 0, 0, 0, 0, 0, 0, 0, 0, 0, 0, 0, 0, 0, 0, 0, 0, 0, 0, 0, 0, 0, 0, 0, 0, 0, 0, 0, 0, 0, 0, 0, 0, 0, 0,
0, 0, 0, 0, 0, 0, 0, 0, 0, 0, 0, 0, 0, 0, 0, 0, 0, 0, 0, 0, 0, 0, 0, 0, 0, 0, 0, 0, 0, 0, 0, 0, 0, 0, 0,
0, 0, 0, 0, 0, 0, 0, 0, 0, 0, 0, 0, 0, 0, 0, 0, 0, 0, 0, 0, 0, 0, 0, 0, 0, 0, 0, 0, 0, 0, 0, 0, 0, 0, 0,
0, 0, 0, 0, 0, 0, 0, 0, 0, 0, 0, 0, 0, 0, 0, 0, 0, 0, 0, 0, 0, 0, 0, 0, 0, 0, 0, 0, 0, 0, 0, 0, 0, 0, 0,
0, 0, 0, 0, 0, 0, 0, 0, 0, 0, 0, 0, 0, 0, 0, 0, 0, 0, 0, 0, 0, 0, 0, 0, 0, 0, 0, 0, 0, 0, 0, 0, 0, 0, 0,
0, 0, 0, 0, 0, 0, 0, 0, 0, 0, 0, 0, 0, 0, 0, 0, 0, 0, 0, 0, 0, 0, 0, 0, 0, 0, 0, 0, 0, 0, 0, 0, 0, 0, 0,
0, 0, 0, 0, 0, 0, 0, 0, 0, 0, 0, 0, 0, 0, 0, 0, 0, 0, 0, 0, 0, 0, 0, 0, 0, 0, 0, 0, 0, 0, 0, 0, 0, 0, 0,
0, 0, 0, 0, 0, 0, 0, 0, 0, 0, 0, 0, 0, 0, 0, 0, 0, 0, 0, 0, 0, 0, 0, 0, 0, 0, 0, 0, 0, 0, 0, 0, 0, 0, 0,
0, 0, 0, 0, 0, 0, 0, 0, 0, 0, 0, 0, 0, 0, 0, 0, 0, 0, 0, 0, 0, 0, 0, 0, 0, 0, 0, 0, 0, 0, 0, 0, 0, 0, 0,
0, 0, 0, 0, 0, 0, 0, 0, 0, 0, 0, 0, 0, 0, 0, 0, 0, 0, 0, 0, 0, 0, 0, 0, 0, 0, 0, 0, 0, 0, 0, 0, 0, 0, 0,
0, 0, 0, 0, 0, 0, 0, 0, 0, 0, 0, 0, 0, 0, 0, 0, 0, 0, 0, 0, 0, 0, 0, 0, 0, 0, 0, 0, 0, 0, 0, 0, 0, 0, 0,
0, 0, 0, 0, 0, 0, 0, 0, 0, 0, 0, 0, 0, 0, 0, 0, 0, 0, 0, 0, 0, 0, 0, 0, 0, 0, 0, 0, 0, 0, 0, 0, 0, 0, 0,
0, 0, 0, 0, 0, 0, 0, 0, 0, 0, 0, 0, 0, 0, 0, 0, 0, 0, 0, 0, 0, 0, 0, 0, 0, 0, 0, 0, 0, 0, 0, 0, 0, 0, 0,
0, 0, 0, 0, 0, 0, 0, 0, 0, 0, 0, 0, 0, 0, 0, 0, 0, 0, 0, 0, 0, 0, 0, 0, 0, 0, 0, 0, 0, 0, 0, 0, 0, 0, 0,
0, 0, 0, 0, 0, 0, 0, 0, 0, 0, 0, 0, 0, 0, 0, 0, 0, 0, 0, 0, 0, 0, 0, 0, 0, 0, 0, 0, 0, 0, 0, 0, 0, 0, 0,
0, 0, 0, 0, 0, 0, 0, 0, 0, 0, 0, 0, 0, 0, 0, 0, 0, 0, 0, 0, 0, 0, 0, 0, 0, 0, 0, 0, 0, 0, 0, 0, 0, 0, 0,
0, 0, 0, 0, 0, 0, 0, 0, 0, 0, 0, 0, 0, 0, 0, 0, 0, 0, 0, 0, 0, 0, 0, 0, 0, 0, 0, 0, 0, 0, 0, 0, 0, 0, 0,
0, 0, 0, 0, 0, 0, 0, 0, 0, 0, 0, 0, 0, 0, 0, 0, 0, 0, 0, 0, 0, 0, 0, 0, 0, 0, 0, 0, 0, 0, 0, 0, 0, 0, 0,
0, 0, 0, 0, 0, 0, 0, 0, 0, 0, 0, 0, 0, 0, 0, 0, 0, 0, 0, 0, 0, 0, 0, 0, 0, 0, 0, 0, 0, 0, 0, 0, 0, 0, 0,
0, 0, 0, 
print model ok!
start rec...
get noise again...
speeking...
frm_num=73
-64, 35, 24, 35, 30, 35, 32, 35, 35, 36, 33, 33, 164, 63, 30, 41, 46, -4, -27, 53, 0, -47, -48, -11, 197, 81, 28, 35, 62, -10, -39, 13, -5, -6, -27,
-17, 265, 103, -5, -15, -5, -28, -26, 41, 11, -15, -20, -18, 298, 88, -31, -27, 9, -32, -49, 60, 36, -33, -24, -4, 296, 28, -47, -11, 29, -43, -46, 52, 34, -15,
-4, -9, 328, 28, -64, -41, 20, -49, -25, 32, 11, 0, 2, -46, 328, 48, -74, -51, -6, -41, -7, 41, 22, -1, -1, -58, 354, 52, -101, -61, 13, -75, -75, 101, 73,
-50, -34, -51, 375, 23, -89, -46, 1, -111, -71, 116, 80, -43, -89, -45, 400, -12, -55, -39, -62, -129, 3, 124, -3, -82, -63, -27, 347, -97, -1, 14, -70, -112, 53, 95,
-98, -71, -9, -21, 328, -72, 4, -104, -84, -28, 45, 54, -42, -107, -5, -13, 241, -64, 6, -228, -33, 7, 30, 55, -22, -87, -7, 6, 164, -97, -57, -239, -57, 16, 16,
69, -20, -88, 7, 58, 77, -26, -30, -293, -12, 30, -10, 60, 0, -94, 11, 28, 129, -10, -3, -301, 11, 25, 8, 81, -28, -91, -1, 21, 112, 38, -29, -286, 49, 23,
-30, 62, 4, -98, -21, 27, 140, 55, -49, -263, 7, 1, -1, 101, -58, -81, 14, 33, 124, 68, -33, -292, 5, 7, 0, 116, -37, -60, 0, 11, 117, 50, -52, -308, 23,
-15, -40, 112, -25, -46, 15, 9, 162, 63, 6, -281, 6, -52, 5, 135, -39, -60, 26, 12, 130, 47, 19, -232, 66, -25, -2, 131, -29, -55, -21, -1, 185, 83, -2, -246,
41, 1, -23, 150, -13, -107, -23, -20, 143, 17, -10, -227, 31, -5, 50, 156, -12, -103, -50, 13, 68, -28, -35, -290, -18, 1, 75, 232, 38, -60, 6, 12, 70, -49, -35,
-215, 2, 4, 96, 212, 4, -93, -19, -34, 122, -39, -50, -211, 83, -2, 80, 157, -6, -40, -27, 3, 73, -38, -48, -240, 17, 3, 88, 173, -29, -54, -11, -26, 103, -28,
-24, -187, -5, -10, 56, 188, -10, -69, -37, 25, 96, -17, -67, -165, 35, -30, 37, 143, -26, -45, -59, -39, 31, -99, -26, -45, -34, 69, 40, 121, -10, -36, -58, -18, 62,
-184, -14, -49, -76, 43, 42, 78, -47, -4, 35, 14, 168, -74, 35, -92, -24, -27, 6, 73, -44, -13, -4, -28, 279, -167, -142, -134, -14, 9, 28, -8, -56, -65, 21, -73,
268, -256, -156, -98, 78, 37, 23, 48, -104, -59, 26, -49, 231, -319, -187, -110, 84, 10, 15, 13, -146, -89, 30, -33, 213, -280, -172, -65, 98, -2, 64, 28, -116, -38, 69,
-1, 222, -329, -194, -10, 94, -1, 61, 35, -84, -55, 76, -15, 243, -320, -184, -27, 55, -33, 115, 62, -93, -63, 71, 26, 293, -230, -200, -52, 40, 12, 73, 3, -83, -18,
80, 50, 315, -221, -199, -68, 24, 8, 38, -3, -67, -38, 85, 19, 335, -261, -193, -71, 3, -51, 37, 51, -69, -32, 44, -5, 341, -194, -116, 4, -24, -122, 47, 104, -70,
-34, 14, -2, 330, -165, -79, 59, 6, -65, 15, 89, -63, -87, 28, -53, 349, -177, -102, 29, 26, -76, 22, 58, -64, -20, 28, -47, 296, -156, -92, 30, 30, -19, 94, 73,
-112, -68, 23, -37, 304, -190, -109, 19, 103, -17, 59, 76, -100, -54, 27, -13, 308, -135, -111, 21, 84, 0, 42, 78, -44, -85, -1, -27, 269, -124, -87, 60, 77, -52, 34,
126, -64, -76, -9, -31, 215, -172, -55, 73, 48, -34, 128, 153, -33, -121, -57, -24, 225, -146, -52, 69, 47, -21, 77, 116, -37, -74, -14, -47, 252, -40, -158, -83, 54, 34,
24, 39, 20, -19, -39, 19, 216, -85, -112, -32, 49, -6, 92, 46, -5, -43, 17, 13, 197, -20, -60, -59, 73, -3, 45, 36, 4, 5, -39, -26, 123, 76, -161, 33, 57,
33, 34, 67, -40, -73, -53, -26, 5, 107, -198, 110, 53, 68, 41, 61, -112, -52, 3, 7, -46, 83, -231, 120, -15, 20, 6, 47, -57, 5, 25, 69, -16, 14, -173, 118,
-7, 14, 5, 75, -42, -1, 15, 47, 98, 37, -77, 5, -19, -27, 20, 51, 15, -41, -41, 80, 133, 74, -43, -100, -100, -39, 51, 55, 17, -11, -77, 4, 181, 31, -104,
-121, -92, 51, 34, 49, -21, 0, -96, -35, 196, -30, -105, -19, -88, 30, 11, 60, -5, -6, -85, -40, 177, -30, -74, -95, -45, 87, 35, 9, -58, -11, -4, -41, 165, -89,
-86, 3, -13, 63, 53, 17, -96, 43, -1, -31, 135, -177, -117, 0, 26, 66, 49, 45, -79, 5, 15, -23, 44, -268, -118, 55, 55, 2, 70, 51, -89, 74, 51, -14, 100,
-210, -72, 56, 65, 51, 43, 90, -86, 41, 23, -45, 144, -186, -37, 40, 18, -7, 32, 38, -88, 20, 50, -39, 67, -137, -58, 44, 92, 59, 7, -19, -109, 32, -5, 2,
143, -155, -95, 24, 79, 48, 43, 27, -81, 25, -16, -43, 181, -131, -62, 17, 56, 50, 3, 46, -98, 36, -3, -59, 157, -180, -38, 24, 20, 13, 97, 67, -46, 31, -16,
-23, 0, 0, 0, 0, 0, 0, 0, 0, 0, 0, 0, 0, 0, 0, 0, 0, 0, 0, 0, 0, 0, 0, 0, 0, 0, 0, 0, 0, 0, 0, 0, 0, 0, 0,
0, 0, 0, 0, 0, 0, 0, 0, 0, 0, 0, 0, 0, 0, 0, 0, 0, 0, 0, 0, 0, 0, 0, 0, 0, 0, 0, 0, 0, 0, 0, 0, 0, 0, 0,
0, 0, 0, 0, 0, 0, 0, 0, 0, 0, 0, 0, 0, 0, 0, 0, 0, 0, 0, 0, 0, 0, 0, 0, 0, 0, 0, 0, 0, 0, 0, 0, 0, 0, 0,
0, 0, 0, 0, 0, 0, 0, 0, 0, 0, 0, 0, 0, 0, 0, 0, 0, 0, 0, 0, 0, 0, 0, 0, 0, 0, 0, 0, 0, 0, 0, 0, 0, 0, 0,
0, 0, 0, 0, 0, 0, 0, 0, 0, 0, 0, 0, 0, 0, 0, 0, 0, 0, 0, 0, 0, 0, 0, 0, 0, 0, 0, 0, 0, 0, 0, 0, 0, 0, 0,
0, 0, 0, 0, 0, 0, 0, 0, 0, 0, 0, 0, 0, 0, 0, 0, 0, 0, 0, 0, 0, 0, 0, 0, 0, 0, 0, 0, 0, 0, 0, 0, 0, 0, 0,
0, 0, 0, 0, 0, 0, 0, 0, 0, 0, 0, 0, 0, 0, 0, 0, 0, 0, 0, 0, 0, 0, 0, 0, 0, 0, 0, 0, 0, 0, 0, 0, 0, 0, 0,
0, 0, 0, 0, 0, 0, 0, 0, 0, 0, 0, 0, 0, 0, 0, 0, 0, 0, 0, 0, 0, 0, 0, 0, 0, 0, 0, 0, 0, 0, 0, 0, 0, 0, 0,
0, 0, 0, 0, 0, 0, 0, 0, 0, 0, 0, 0, 0, 0, 0, 0, 0, 0, 0, 0, 0, 0, 0, 0, 0, 0, 0, 0, 0, 0, 0, 0, 0, 0, 0,
0, 0, 0, 0, 0, 0, 0, 0, 0, 0, 0, 0, 0, 0, 0, 0, 0, 0, 0, 0, 0, 0, 0, 0, 0, 0, 0, 0, 0, 0, 0, 0, 0, 0, 0,
0, 0, 0, 0, 0, 0, 0, 0, 0, 0, 0, 0, 0, 0, 0, 0, 0, 0, 0, 0, 0, 0, 0, 0, 0, 0, 0, 0, 0, 0, 0, 0, 0, 0, 0,
0, 0, 0, 0, 0, 0, 0, 0, 0, 0, 0, 0, 0, 0, 0, 0, 0, 0, 0, 0, 0, 0, 0, 0, 0, 0, 0, 0, 0, 0, 0, 0, 0, 0, 0,
0, 0, 0, 0, 0, 0, 0, 0, 0, 0, 0, 0, 0, 0, 0, 0, 0, 0, 0, 0, 0, 0, 0, 0, 0, 0, 0, 0, 0, 0, 0, 0, 0, 0, 0,
0, 0, 0, 0, 0, 0, 0, 0, 0, 0, 0, 0, 0, 0, 0, 0, 0, 0, 0, 0, 0, 0, 0, 0, 0, 0, 0, 0, 0, 0, 0, 0, 0, 0, 0,
0, 0, 0, 0, 0, 0, 0, 0, 0, 0, 0, 0, 0, 0, 0, 0, 0, 0, 0, 0, 0, 0, 0, 0, 0, 0, 0, 0, 0, 0, 0, 0, 0, 0, 0,
0, 0, 0, 0, 0, 0, 0, 0, 0, 0, 0, 0, 0, 0, 0, 0, 0, 0, 0, 0, 0, 0, 0, 0, 0, 0, 0, 0, 0, 0, 0, 0, 0, 0, 0,
0, 0, 0, 0, 0, 0, 0, 0, 0, 0, 0, 0, 0, 0, 0, 0, 0, 0, 0, 0, 0, 0, 0, 0, 0, 0, 0, 0, 0, 0, 0, 0, 0, 0, 0,
0, 0, 0, 0, 0, 0, 0, 0, 0, 0, 0, 0, 0, 0, 0, 0, 0, 0, 0, 0, 0, 0, 0, 0, 0, 0, 0, 0, 0, 0, 0, 0, 0, 0, 0,
0, 0, 0, 0, 0, 0, 0, 0, 0, 0, 0, 0, 0, 0, 0, 0, 0, 0, 0, 0, 0, 0, 0, 0, 0, 0, 0, 0, 0, 0, 0, 0, 0, 0, 0,
0, 0, 0, 0, 0, 0, 0, 0, 0, 0, 0, 0, 0, 0, 0, 0, 0, 0, 0, 0, 0, 0, 0, 0, 0, 0, 0, 0, 0, 0, 0, 0, 0, 0, 0,
0, 0, 0, 0, 0, 0, 0, 0, 0, 0, 0, 0, 0, 0, 0, 0, 0, 0, 0, 0, 0, 0, 0, 0, 0, 0, 0, 0, 0, 0, 0, 0, 0, 0, 0,
0, 0, 0, 0, 0, 0, 0, 0, 0, 0, 0, 0, 0, 0, 0, 0, 0, 0, 0, 0, 0, 0, 0, 0, 0, 0, 0, 0, 0, 0, 0, 0, 0, 0, 0,
0, 0, 0, 0, 0, 0, 0, 0, 0, 0, 0, 0, 0, 0, 0, 0, 0, 0, 0, 0, 0, 0, 0, 0, 0, 0, 0, 0, 0, 0, 0, 0, 0, 0, 0,
0, 0, 0, 0, 0, 0, 0, 0, 0, 0, 0, 0, 0, 0, 0, 0, 0, 0, 0, 0, 0, 0, 0, 0, 0, 0, 0, 0, 0, 0, 0, 0, 0, 0, 0,
0, 0, 0, 0, 0, 0, 0, 0, 0, 0, 0, 0, 0, 0, 0, 0, 0, 0, 0, 0, 0, 0, 0, 0, 0, 0, 0, 0, 0, 0, 0, 0, 0, 0, 0,
0, 0, 0, 0, 0, 0, 0, 0, 0, 0, 0, 0, 0, 0, 0, 0, 0, 0, 0, 0, 0, 0, 0, 0, 0, 0, 0, 0, 0, 0, 0, 0, 0, 0, 0,
0, 0, 0, 0, 0, 0, 0, 0, 0, 0, 0, 0, 0, 0, 0, 0, 0, 0, 0, 0, 0, 0, 0, 0, 0, 0, 0, 0, 0, 0, 0, 0, 0, 0, 0,
0, 0, 0, 0, 0, 0, 0, 0, 0, 0, 0, 0, 0, 0, 0, 0, 0, 0, 0, 0, 0, 0, 0, 0, 0, 0, 0, 0, 0, 0, 0, 0, 0, 0, 0,
0, 0, 0, 0, 0, 0, 0, 0, 0, 0, 0, 0, 0, 0, 0, 0, 0, 0, 0, 0, 0, 0, 0, 0, 0, 0, 0, 0, 0, 0, 0, 0, 0, 0, 0,
0, 0, 0, 0, 0, 0, 0, 0, 0, 0, 0, 0, 0, 0, 0, 0, 0, 0, 0, 0, 0, 0, 0, 0, 0, 0, 0, 0, 0, 0, 0, 0, 0, 0, 0,
0, 0, 0, 0, 0, 0, 0, 0, 0, 0, 0, 0, 0, 0, 0, 0, 0, 0, 0, 0, 0, 0, 0, 0, 0, 0, 0, 0, 0, 0, 0, 0, 0, 0, 0,
0, 0, 0, 0, 0, 0, 0, 0, 0, 0, 0, 0, 0, 0, 0, 0, 0, 0, 0, 0, 0, 0, 0, 0, 0, 0, 0, 0, 0, 0, 0, 0, 0, 0, 0,
0, 0, 0, 0, 0, 0, 0, 0, 0, 0, 0, 0, 0, 0, 0, 0, 0, 0, 0, 0, 0, 0, 0, 0, 0, 0, 0, 0, 0, 0, 0, 0, 0, 0, 0,
0, 0, 0, 0, 0, 0, 0, 0, 0, 0, 0, 0, 0, 0, 0, 0, 0, 0, 0, 0, 0, 0, 0, 0, 0, 0, 0, 0, 0, 0, 0, 0, 0, 0, 0,
0, 0, 0, 0, 0, 0, 0, 0, 0, 0, 0, 0, 0, 0, 0, 0, 0, 0, 0, 0, 0, 0, 0, 0, 0, 0, 0, 0, 0, 0, 0, 0, 0, 0, 0,
0, 0, 0, 0, 0, 0, 0, 0, 0, 0, 0, 0, 0, 0, 0, 0, 0, 0, 0, 0, 0, 0, 0, 0, 0, 0, 0, 0, 0, 0, 0, 0, 0, 0, 0,
0, 0, 0, 0, 0, 0, 0, 0, 0, 0, 0, 0, 0, 0, 0, 0, 0, 0, 0, 0, 0, 0, 0, 0, 0, 0, 0, 0, 0, 0, 0, 0, 0, 0, 0,
0, 0, 0, 0, 0, 0, 0, 0, 0, 0, 0, 0, 0, 0, 0, 0, 0, 0, 0, 0, 0, 0, 0, 0, 0, 0, 0, 0, 0, 0, 0, 0, 0, 0, 0,
0, 0, 0, 0, 0, 0, 0, 0, 0, 0, 0, 0, 0, 0, 0, 0, 0, 0, 0, 0, 0, 0, 0, 0, 0, 0, 0, 0, 0, 0, 0, 0, 0, 0, 0,
0, 0, 0, 0, 0, 0, 0, 0, 0, 0, 0, 0, 0, 0, 0, 0, 0, 0, 0, 0, 0, 0, 0, 0, 0, 0, 0, 0, 0, 0, 0, 0, 0, 0, 0,
0, 0, 0, 0, 0, 0, 0, 0, 0, 0, 0, 0, 0, 0, 0, 0, 0, 0, 0, 0, 0, 0, 0, 0, 0, 0, 0, 0, 0, 0, 0, 0, 0, 0, 0,
0, 0, 0, 0, 0, 0, 0, 0, 0, 0, 0, 0, 0, 0, 0, 0, 0, 0, 0, 0, 0, 0, 0, 0, 0, 0, 0, 0, 0, 0, 0, 0, 0, 0, 0,
0, 0, 0, 0, 0, 0, 0, 0, 0, 0, 0, 0, 0, 0, 0, 0, 0, 0, 0, 0, 0, 0, 0, 0, 0, 0, 0, 0, 0, 0, 0, 0, 0, 0, 0,
0, 0, 0, 0, 0, 0, 0, 0, 0, 0, 0, 0, 0, 0, 0, 0, 0, 0, 0, 0, 0, 0, 0, 0, 0, 0, 0, 0, 0, 0, 0, 0, 0, 0, 0,
0, 0, 0, 0, 0, 0, 0, 0, 0, 0, 0, 0, 0, 0, 0, 0, 0, 0, 0, 0, 0, 0, 0, 0, 0, 0, 0, 0, 0, 0, 0, 0, 0, 0, 0,
0, 0, 0, 0, 0, 0, 0, 0, 0, 0, 0, 0, 0, 0, 0, 0, 0, 0, 0, 0, 0, 0, 0, 0, 0, 0, 0, 0, 0, 0, 0, 0, 0, 0, 0,
0, 0, 0, 0, 0, 0, 0, 0, 0, 0, 0, 0, 0, 0, 0, 0, 0, 0, 0, 0, 0, 0, 0, 0, 0, 0, 0, 0, 0, 0, 0, 0, 0, 0, 0,
0, 0, 0, 0, 0, 0, 0, 0, 0, 0, 0, 0, 0, 0, 0, 0, 0, 0, 0, 0, 0, 0, 0, 0, 0, 0, 0, 0, 0, 0, 0, 0, 0, 0, 0,
0, 0, 0, 0, 0, 0, 0, 0, 0, 0, 0, 0, 0, 0, 0, 0, 0, 0, 0, 0, 0, 0, 0, 0, 0, 0, 0, 0, 0, 0, 0, 0, 0, 0, 0,
0, 0, 0, 0, 0, 0, 0, 0, 0, 0, 0, 0, 0, 0, 0, 0, 0, 0, 0, 0, 0, 0, 0, 0, 0, 0, 0, 0, 0, 0, 0, 0, 0, 0, 0,
0, 0, 0, 
print model ok!
start rec...
get noise again...
speeking...
frm_num=76
-76, 36, 25, 37, 31, 37, 34, 37, 36, 37, 34, 33, 212, 11, 47, 55, 37, -37, -33, 71, 4, -52, -50, 1, 259, 28, 35, 37, -14, -90, -25, 55, 14, 5, -31,
-8, 233, 50, 41, 78, -33, -111, -7, 57, -2, -30, -17, 4, 254, 75, 27, 82, -20, -101, -62, 61, 26, -39, 29, 12, 212, 32, 61, 111, -1, -98, -75, 37, 59, 1,
-24, -2, 173, 22, 99, 58, -4, -111, -54, 49, 20, -33, -4, 11, 202, 74, 67, 45, 46, -91, -69, 90, 25, -4, 0, -12, 145, 60, 68, 30, 24, -22, -26, 78, 30,
-22, 1, 21, 171, 36, 7, 46, 29, -20, -2, 58, 44, -32, -21, -2, 192, 76, 13, 27, -18, -3, 1, 35, 59, -20, 4, -27, 248, 12, 24, -66, -60, -101, -18, 87,
71, -40, -71, -20, 321, -56, -60, -58, -96, -113, -14, 98, 18, -59, -25, -30, 337, -95, -5, -105, -119, -41, 34, 99, 0, -79, -34, -42, 237, -19, 59, -215, -123, 15, 18,
65, -43, -119, -18, -10, 171, -34, 102, -242, -78, 22, -30, 75, -6, -91, 24, 6, 163, -11, 25, -318, -26, -25, -44, 71, -2, -60, 39, -1, 110, 24, 1, -290, -33, -39,
-47, 86, -3, -73, 8, 31, 69, 89, 1, -217, -6, -38, -45, 92, -35, -65, 42, 38, 68, 71, -8, -213, -38, -49, -19, 102, -29, -71, 28, 26, 54, 125, -16, -270, -25,
-25, -15, 136, -27, -14, 31, 31, 66, 72, -42, -239, -25, -59, -28, 121, -23, -59, 35, 8, 141, 130, -1, -253, -16, -75, 10, 148, -72, -34, 43, 1, 175, 143, -7, -288,
-14, -77, -73, 153, -51, -45, 24, -43, 196, 161, -27, -258, 22, -103, 16, 149, -39, -71, 3, -45, 228, 104, 18, -205, -24, -65, 17, 139, -6, -64, -40, 0, 174, 95, -37,
-261, -15, -36, -1, 186, 14, -77, 2, 19, 62, 51, -11, -254, 8, -33, 35, 207, 17, -64, 14, 55, 56, 50, 14, -242, 26, 47, 46, 154, -5, -85, -11, 21, 43, 95,
-8, -188, 21, -10, 17, 133, 38, -53, 25, 1, 57, 45, 2, -163, 38, -62, -4, 141, 32, -30, 6, 4, 93, 8, -10, -179, 39, -34, -39, 139, 36, -65, -34, -7, 70,
-38, 35, -132, -34, 26, 64, 105, 10, -5, 6, 29, -10, -78, 41, -65, -65, 59, 126, 145, -13, -9, 4, 24, 11, -155, 93, 21, -52, 61, 52, 26, -10, 14, -22, 14,
136, -74, 70, -2, -52, -24, 53, 14, -78, -27, -55, 17, 245, -181, -102, -37, -47, -15, 11, 44, -87, -57, -12, -41, 176, -335, -180, 57, 102, -6, 13, 22, -125, -147, 1,
-54, 243, -319, -215, 56, 69, -61, 52, 7, -89, -82, 45, -52, 232, -327, -191, 48, 18, -65, 39, -23, -104, -52, 53, -53, 245, -290, -217, 26, 49, -78, 82, 21, -96, -79,
86, -19, 239, -364, -211, 54, 8, -100, 100, 15, -127, -79, 78, 17, 253, -309, -181, 59, 30, -81, 113, 28, -92, -48, 107, 33, 290, -260, -193, 12, -5, -73, 124, 137, -74,
-98, 82, -5, 333, -215, -178, -84, -74, -101, 122, 124, -59, -79, 61, -11, 411, -188, -157, -73, -74, -127, 102, 142, -61, -58, 22, 13, 403, -150, -143, -21, 0, -61, 92, 44,
-105, -95, -14, 6, 380, -119, -117, -19, 55, -3, 47, -6, -98, -61, 14, 2, 339, -202, -176, 4, 97, -27, 86, 94, -47, -60, -7, -25, 345, -156, -156, 21, 18, -59, 97,
60, -72, -24, -4, -14, 340, -210, -149, 65, 63, -39, 95, 58, -62, -64, 29, -44, 262, -161, -80, 47, 36, -35, 81, 78, -57, -46, 49, -24, 246, -170, -100, -12, 34, -20,
82, 89, -31, -52, -9, -10, 209, -174, -138, -6, -22, -59, 57, 96, -20, -3, 41, 21, 269, -132, -167, -18, 9, -7, 74, 108, -37, -8, 29, -13, 236, -105, -87, -13, -4,
-48, 44, 142, -22, -32, 29, -1, 180, -57, -23, -64, 72, -19, -2, 122, -46, -89, 42, -20, 81, 16, -42, 44, 80, -50, -27, 81, -49, -40, 12, -21, 60, 126, -158, 100,
-36, 67, 8, 74, -49, -44, 8, 14, -3, 154, -262, 123, 0, 24, 22, 38, -74, -25, 33, 17, -92, 102, -239, 148, -39, 23, 10, 124, -36, -58, 35, 35, -98, 71, -192,
119, -42, 28, -6, 101, -25, -52, 35, -4, 30, 196, -126, 12, -43, -5, -15, 73, -25, -58, -4, 19, 144, 25, -148, -134, -70, -2, 34, 93, -36, -31, -67, 23, 160, -27,
-173, -101, -85, -19, 57, 90, -22, -40, -92, 0, 159, -9, -123, -50, -33, 16, 21, 69, -14, -39, -37, -12, 95, -89, -45, -22, 9, -1, 0, 12, -62, 43, 3, -45, 136,
-253, -105, 21, 67, 66, 52, 18, -64, -17, -5, -47, 83, -229, -99, 2, -44, 12, 57, 36, -55, 26, 35, -49, 9, -250, -74, 42, 52, -13, 28, 82, -106, 32, 28, -60,
28, -221, -95, 104, 85, 14, 22, 29, -117, 53, 23, -63, -2, -225, -32, 86, 19, 20, 8, 86, -38, 18, -26, -90, 70, -183, -72, 84, 0, 40, 32, 83, -65, 36, 1,
-85, 87, -218, -103, 129, 77, 60, 65, 83, -112, 8, -64, -48, 116, -207, -71, 21, 33, 2, 68, 84, -30, 67, -91, -50, 101, -154, -90, -45, 56, 54, 93, 53, -68, 8,
13, 10, 0, 0, 0, 0, 0, 0, 0, 0, 0, 0, 0, 0, 0, 0, 0, 0, 0, 0, 0, 0, 0, 0, 0, 0, 0, 0, 0, 0, 0, 0, 0, 0, 0,
0, 0, 0, 0, 0, 0, 0, 0, 0, 0, 0, 0, 0, 0, 0, 0, 0, 0, 0, 0, 0, 0, 0, 0, 0, 0, 0, 0, 0, 0, 0, 0, 0, 0, 0,
0, 0, 0, 0, 0, 0, 0, 0, 0, 0, 0, 0, 0, 0, 0, 0, 0, 0, 0, 0, 0, 0, 0, 0, 0, 0, 0, 0, 0, 0, 0, 0, 0, 0, 0,
0, 0, 0, 0, 0, 0, 0, 0, 0, 0, 0, 0, 0, 0, 0, 0, 0, 0, 0, 0, 0, 0, 0, 0, 0, 0, 0, 0, 0, 0, 0, 0, 0, 0, 0,
0, 0, 0, 0, 0, 0, 0, 0, 0, 0, 0, 0, 0, 0, 0, 0, 0, 0, 0, 0, 0, 0, 0, 0, 0, 0, 0, 0, 0, 0, 0, 0, 0, 0, 0,
0, 0, 0, 0, 0, 0, 0, 0, 0, 0, 0, 0, 0, 0, 0, 0, 0, 0, 0, 0, 0, 0, 0, 0, 0, 0, 0, 0, 0, 0, 0, 0, 0, 0, 0,
0, 0, 0, 0, 0, 0, 0, 0, 0, 0, 0, 0, 0, 0, 0, 0, 0, 0, 0, 0, 0, 0, 0, 0, 0, 0, 0, 0, 0, 0, 0, 0, 0, 0, 0,
0, 0, 0, 0, 0, 0, 0, 0, 0, 0, 0, 0, 0, 0, 0, 0, 0, 0, 0, 0, 0, 0, 0, 0, 0, 0, 0, 0, 0, 0, 0, 0, 0, 0, 0,
0, 0, 0, 0, 0, 0, 0, 0, 0, 0, 0, 0, 0, 0, 0, 0, 0, 0, 0, 0, 0, 0, 0, 0, 0, 0, 0, 0, 0, 0, 0, 0, 0, 0, 0,
0, 0, 0, 0, 0, 0, 0, 0, 0, 0, 0, 0, 0, 0, 0, 0, 0, 0, 0, 0, 0, 0, 0, 0, 0, 0, 0, 0, 0, 0, 0, 0, 0, 0, 0,
0, 0, 0, 0, 0, 0, 0, 0, 0, 0, 0, 0, 0, 0, 0, 0, 0, 0, 0, 0, 0, 0, 0, 0, 0, 0, 0, 0, 0, 0, 0, 0, 0, 0, 0,
0, 0, 0, 0, 0, 0, 0, 0, 0, 0, 0, 0, 0, 0, 0, 0, 0, 0, 0, 0, 0, 0, 0, 0, 0, 0, 0, 0, 0, 0, 0, 0, 0, 0, 0,
0, 0, 0, 0, 0, 0, 0, 0, 0, 0, 0, 0, 0, 0, 0, 0, 0, 0, 0, 0, 0, 0, 0, 0, 0, 0, 0, 0, 0, 0, 0, 0, 0, 0, 0,
0, 0, 0, 0, 0, 0, 0, 0, 0, 0, 0, 0, 0, 0, 0, 0, 0, 0, 0, 0, 0, 0, 0, 0, 0, 0, 0, 0, 0, 0, 0, 0, 0, 0, 0,
0, 0, 0, 0, 0, 0, 0, 0, 0, 0, 0, 0, 0, 0, 0, 0, 0, 0, 0, 0, 0, 0, 0, 0, 0, 0, 0, 0, 0, 0, 0, 0, 0, 0, 0,
0, 0, 0, 0, 0, 0, 0, 0, 0, 0, 0, 0, 0, 0, 0, 0, 0, 0, 0, 0, 0, 0, 0, 0, 0, 0, 0, 0, 0, 0, 0, 0, 0, 0, 0,
0, 0, 0, 0, 0, 0, 0, 0, 0, 0, 0, 0, 0, 0, 0, 0, 0, 0, 0, 0, 0, 0, 0, 0, 0, 0, 0, 0, 0, 0, 0, 0, 0, 0, 0,
0, 0, 0, 0, 0, 0, 0, 0, 0, 0, 0, 0, 0, 0, 0, 0, 0, 0, 0, 0, 0, 0, 0, 0, 0, 0, 0, 0, 0, 0, 0, 0, 0, 0, 0,
0, 0, 0, 0, 0, 0, 0, 0, 0, 0, 0, 0, 0, 0, 0, 0, 0, 0, 0, 0, 0, 0, 0, 0, 0, 0, 0, 0, 0, 0, 0, 0, 0, 0, 0,
0, 0, 0, 0, 0, 0, 0, 0, 0, 0, 0, 0, 0, 0, 0, 0, 0, 0, 0, 0, 0, 0, 0, 0, 0, 0, 0, 0, 0, 0, 0, 0, 0, 0, 0,
0, 0, 0, 0, 0, 0, 0, 0, 0, 0, 0, 0, 0, 0, 0, 0, 0, 0, 0, 0, 0, 0, 0, 0, 0, 0, 0, 0, 0, 0, 0, 0, 0, 0, 0,
0, 0, 0, 0, 0, 0, 0, 0, 0, 0, 0, 0, 0, 0, 0, 0, 0, 0, 0, 0, 0, 0, 0, 0, 0, 0, 0, 0, 0, 0, 0, 0, 0, 0, 0,
0, 0, 0, 0, 0, 0, 0, 0, 0, 0, 0, 0, 0, 0, 0, 0, 0, 0, 0, 0, 0, 0, 0, 0, 0, 0, 0, 0, 0, 0, 0, 0, 0, 0, 0,
0, 0, 0, 0, 0, 0, 0, 0, 0, 0, 0, 0, 0, 0, 0, 0, 0, 0, 0, 0, 0, 0, 0, 0, 0, 0, 0, 0, 0, 0, 0, 0, 0, 0, 0,
0, 0, 0, 0, 0, 0, 0, 0, 0, 0, 0, 0, 0, 0, 0, 0, 0, 0, 0, 0, 0, 0, 0, 0, 0, 0, 0, 0, 0, 0, 0, 0, 0, 0, 0,
0, 0, 0, 0, 0, 0, 0, 0, 0, 0, 0, 0, 0, 0, 0, 0, 0, 0, 0, 0, 0, 0, 0, 0, 0, 0, 0, 0, 0, 0, 0, 0, 0, 0, 0,
0, 0, 0, 0, 0, 0, 0, 0, 0, 0, 0, 0, 0, 0, 0, 0, 0, 0, 0, 0, 0, 0, 0, 0, 0, 0, 0, 0, 0, 0, 0, 0, 0, 0, 0,
0, 0, 0, 0, 0, 0, 0, 0, 0, 0, 0, 0, 0, 0, 0, 0, 0, 0, 0, 0, 0, 0, 0, 0, 0, 0, 0, 0, 0, 0, 0, 0, 0, 0, 0,
0, 0, 0, 0, 0, 0, 0, 0, 0, 0, 0, 0, 0, 0, 0, 0, 0, 0, 0, 0, 0, 0, 0, 0, 0, 0, 0, 0, 0, 0, 0, 0, 0, 0, 0,
0, 0, 0, 0, 0, 0, 0, 0, 0, 0, 0, 0, 0, 0, 0, 0, 0, 0, 0, 0, 0, 0, 0, 0, 0, 0, 0, 0, 0, 0, 0, 0, 0, 0, 0,
0, 0, 0, 0, 0, 0, 0, 0, 0, 0, 0, 0, 0, 0, 0, 0, 0, 0, 0, 0, 0, 0, 0, 0, 0, 0, 0, 0, 0, 0, 0, 0, 0, 0, 0,
0, 0, 0, 0, 0, 0, 0, 0, 0, 0, 0, 0, 0, 0, 0, 0, 0, 0, 0, 0, 0, 0, 0, 0, 0, 0, 0, 0, 0, 0, 0, 0, 0, 0, 0,
0, 0, 0, 0, 0, 0, 0, 0, 0, 0, 0, 0, 0, 0, 0, 0, 0, 0, 0, 0, 0, 0, 0, 0, 0, 0, 0, 0, 0, 0, 0, 0, 0, 0, 0,
0, 0, 0, 0, 0, 0, 0, 0, 0, 0, 0, 0, 0, 0, 0, 0, 0, 0, 0, 0, 0, 0, 0, 0, 0, 0, 0, 0, 0, 0, 0, 0, 0, 0, 0,
0, 0, 0, 0, 0, 0, 0, 0, 0, 0, 0, 0, 0, 0, 0, 0, 0, 0, 0, 0, 0, 0, 0, 0, 0, 0, 0, 0, 0, 0, 0, 0, 0, 0, 0,
0, 0, 0, 0, 0, 0, 0, 0, 0, 0, 0, 0, 0, 0, 0, 0, 0, 0, 0, 0, 0, 0, 0, 0, 0, 0, 0, 0, 0, 0, 0, 0, 0, 0, 0,
0, 0, 0, 0, 0, 0, 0, 0, 0, 0, 0, 0, 0, 0, 0, 0, 0, 0, 0, 0, 0, 0, 0, 0, 0, 0, 0, 0, 0, 0, 0, 0, 0, 0, 0,
0, 0, 0, 0, 0, 0, 0, 0, 0, 0, 0, 0, 0, 0, 0, 0, 0, 0, 0, 0, 0, 0, 0, 0, 0, 0, 0, 0, 0, 0, 0, 0, 0, 0, 0,
0, 0, 0, 0, 0, 0, 0, 0, 0, 0, 0, 0, 0, 0, 0, 0, 0, 0, 0, 0, 0, 0, 0, 0, 0, 0, 0, 0, 0, 0, 0, 0, 0, 0, 0,
0, 0, 0, 0, 0, 0, 0, 0, 0, 0, 0, 0, 0, 0, 0, 0, 0, 0, 0, 0, 0, 0, 0, 0, 0, 0, 0, 0, 0, 0, 0, 0, 0, 0, 0,
0, 0, 0, 0, 0, 0, 0, 0, 0, 0, 0, 0, 0, 0, 0, 0, 0, 0, 0, 0, 0, 0, 0, 0, 0, 0, 0, 0, 0, 0, 0, 0, 0, 0, 0,
0, 0, 0, 0, 0, 0, 0, 0, 0, 0, 0, 0, 0, 0, 0, 0, 0, 0, 0, 0, 0, 0, 0, 0, 0, 0, 0, 0, 0, 0, 0, 0, 0, 0, 0,
0, 0, 0, 0, 0, 0, 0, 0, 0, 0, 0, 0, 0, 0, 0, 0, 0, 0, 0, 0, 0, 0, 0, 0, 0, 0, 0, 0, 0, 0, 0, 0, 0, 0, 0,
0, 0, 0, 0, 0, 0, 0, 0, 0, 0, 0, 0, 0, 0, 0, 0, 0, 0, 0, 0, 0, 0, 0, 0, 0, 0, 0, 0, 0, 0, 0, 0, 0, 0, 0,
0, 0, 0, 0, 0, 0, 0, 0, 0, 0, 0, 0, 0, 0, 0, 0, 0, 0, 0, 0, 0, 0, 0, 0, 0, 0, 0, 0, 0, 0, 0, 0, 0, 0, 0,
0, 0, 0, 0, 0, 0, 0, 0, 0, 0, 0, 0, 0, 0, 0, 0, 0, 0, 0, 0, 0, 0, 0, 0, 0, 0, 0, 0, 0, 0, 0, 0, 0, 0, 0,
0, 0, 0, 0, 0, 0, 0, 0, 0, 0, 0, 0, 0, 0, 0, 0, 0, 0, 0, 0, 0, 0, 0, 0, 0, 0, 0, 0, 0, 0, 0, 0, 0, 0, 0,
0, 0, 0, 0, 0, 0, 0, 0, 0, 0, 0, 0, 0, 0, 0, 0, 0, 0, 0, 0, 0, 0, 0, 0, 0, 0, 0, 0, 0, 0, 0, 0, 0, 0, 0,
0, 0, 0, 0, 0, 0, 0, 0, 0, 0, 0, 0, 0, 0, 0, 0, 0, 0, 0, 0, 0, 0, 0, 0, 0, 0, 0, 0, 0, 0, 0, 0, 0, 0, 0,
0, 0, 0, 
print model ok!
start rec...
get noise again...
speeking...
frm_num=81
-80, 37, 26, 38, 32, 38, 35, 38, 36, 38, 35, 35, 142, 37, 29, 56, 94, 10, -59, 50, 9, -92, 14, 12, 233, 59, -13, 81, 64, -67, -44, 11, -8, -4, -5,
-13, 263, 57, -45, 13, 54, -24, -14, 76, -22, -48, -30, -29, 301, 52, -1, -25, 15, -4, -39, 46, 22, -40, -22, -28, 277, 46, 24, -29, -32, -10, 24, 43, -2, -27,
-37, -15, 238, -23, 27, 41, 12, -38, 33, 79, -28, -76, -26, -20, 201, -8, 52, -3, 31, 27, -30, 41, 15, -60, -29, -72, 204, 44, 8, -21, 102, 15, -6, 78, 11,
-17, -59, -54, 124, 2, 26, 64, 44, -2, -10, 74, 20, -38, -37, -21, 88, -29, 56, 98, 81, 21, -13, 59, 26, -4, 32, 53, 63, 0, 26, 112, 138, 15, -9, 29,
16, 0, -21, -3, 67, 16, 87, 135, 150, 63, -4, 0, -69, -66, -34, -21, 125, 59, 119, 72, 42, -38, -31, 38, -34, -61, -20, 10, 297, -52, 4, 13, 9, -81, -1,
77, 28, -80, -54, 23, 352, -57, 18, -64, -72, -121, 57, 131, -15, -47, -45, -49, 211, -32, 137, -184, -126, -95, 62, 140, -63, -65, 14, -4, 134, -92, 127, -255, -61, -39,
16, 104, -8, -81, -10, 12, 46, -27, 102, -272, 30, -19, 48, 99, -84, -147, -72, 2, 95, -87, 19, -303, 63, -64, 0, 115, -58, -125, -51, -8, 103, -33, -23, -289, 78,
-55, -23, 90, 5, -86, -30, -2, 1, -18, 1, -252, 63, -42, -17, 76, 39, -111, -62, -9, 58, 21, 28, -282, 75, -74, 9, 78, 20, -125, -59, 4, 79, -1, 6, -283,
93, -72, 16, 66, -15, -133, -42, -16, 38, 11, -30, -334, 119, -72, 9, 168, -62, -123, -1, 1, 46, 1, -7, -329, 107, -89, -15, 187, -54, -85, 8, -10, 87, 42, 3,
-346, 110, -47, -41, 81, 17, -53, -38, 11, 177, 113, -31, -299, 23, -85, 16, 139, 40, -59, -2, 9, 167, 129, 73, -288, 27, -123, -11, 173, -32, -81, 50, -34, 109, 125,
86, -231, 63, -144, -31, 134, -24, -6, 8, -60, 50, 27, 19, -231, 71, -66, 27, 157, -25, -31, 47, -4, 101, 113, 1, -291, 47, -94, 1, 137, 20, -48, 17, 29, 121,
59, 28, -259, 36, -130, -13, 162, 21, -36, 85, 41, 50, 7, -25, -271, 66, -52, 39, 218, 39, -20, 95, 11, 13, 8, 45, -195, 14, -66, 9, 149, 2, -1, 45, -33,
-30, -100, 165, -43, -69, -77, 27, 73, 41, 56, 30, -6, 10, -284, 37, -50, -98, -21, 34, 102, 22, 58, 39, 22, 25, -250, 99, -3, -54, -29, 11, 76, 12, 129, 35,
-44, 225, -69, 44, -92, -82, -46, 44, 74, -60, -42, 19, -16, 316, -213, -120, -119, 37, -42, -3, 62, -51, -62, -64, -22, 276, -307, -280, -45, 89, -58, 32, 46, -52, -47,
-57, -21, 220, -317, -237, -7, 96, -81, 23, 51, -50, -92, 5, -67, 180, -282, -115, 46, 127, -145, -27, 38, -90, -31, 14, -55, 189, -305, -178, 66, 220, -59, 28, 43, -99,
-84, -27, -34, 205, -308, -240, 12, 167, -105, 91, 51, -118, -80, -54, -44, 233, -284, -175, 15, 129, -81, 125, 70, -70, -91, -69, -31, 265, -292, -254, -35, 119, -53, 83, 99,
-75, -117, -21, -67, 291, -301, -209, -19, 72, -64, 90, 71, -62, -24, 27, -29, 324, -205, -239, -64, 27, -83, 110, 110, -27, -20, 91, -29, 324, -123, -155, -23, -15, -115, 94,
79, -68, -50, 3, -32, 337, -56, -80, -68, -33, -101, 79, 81, -88, -17, -20, 14, 295, -111, -154, -41, 100, -32, 97, 27, -76, -26, -7, -4, 362, -215, -189, -39, 67, -4,
106, 62, -11, -11, -27, -8, 359, -109, -146, -9, 44, -63, 4, 82, -12, -16, 31, -37, 341, -116, -151, -81, 18, -37, 46, 126, -21, -64, -21, -32, 290, -73, -63, -19, 5,
-3, 70, 123, -25, -68, -10, 0, 206, -136, -104, -17, 14, -4, 88, 100, -25, -39, 25, 6, 195, -157, -185, 0, 50, -16, 80, 129, 26, 24, 45, 31, 182, -125, -88, 23,
77, -39, 116, 133, 9, 24, 28, 22, 260, 12, -105, -63, 50, -20, 35, 76, 0, -60, -45, 12, 150, 46, -117, 67, 62, -49, 17, 21, 40, -30, -40, -15, 80, -31, -200,
136, 52, -17, -51, 94, 53, -20, -36, -24, -9, 74, -191, 173, 38, 47, -28, 80, -55, -34, -55, 32, -61, 174, -138, 229, 2, -5, -33, 87, -32, -31, -40, 32, -62, 81,
-237, 80, 39, 104, 47, 43, -2, -1, -5, 18, 11, 19, -155, 6, 6, 96, 11, 64, 22, -9, -18, 29, 30, 47, -127, -26, -25, 45, -18, 54, 52, 0, -58, -20, 137,
7, -103, -145, -59, 61, 44, 62, 14, -22, -117, -29, 144, -20, -101, -58, -49, 88, 65, 49, 29, -34, -113, -27, 147, -62, -117, -57, -38, 67, 92, 48, -52, -65, -75, 53,
37, -121, -29, 27, 23, 127, 119, 72, -90, -72, -82, -13, 48, -221, -110, -36, 34, 81, 112, 7, -71, 34, -44, -19, 59, -161, -107, -40, 38, 67, 78, 27, -45, 60, -52,
-32, 36, -168, -68, -34, -36, 7, 88, 70, -36, 22, -39, -92, -26, -166, -10, 34, 27, 112, 37, -11, -117, 62, -11, -56, 51, -179, -23, 11, -17, 63, 100, 114, -63, 69,
-78, -88, 67, -188, -46, 8, 21, 50, 112, 82, -51, 17, -76, -60, 106, -224, -58, -23, 10, 83, 68, 35, -34, -29, -61, -13, 81, -193, -53, -34, 59, 89, 91, 46, -53,
26, -24, -11, 44, -103, -63, -71, 39, 104, 51, 52, -80, -28, -13, -41, 90, -170, 67, 30, 0, 16, 31, 73, 10, -5, -74, -14, 0, 0, 0, 0, 0, 0, 0, 0,
0, 0, 0, 0, 0, 0, 0, 0, 0, 0, 0, 0, 0, 0, 0, 0, 0, 0, 0, 0, 0, 0, 0, 0, 0, 0, 0, 0, 0, 0, 0, 0, 0, 0, 0,
0, 0, 0, 0, 0, 0, 0, 0, 0, 0, 0, 0, 0, 0, 0, 0, 0, 0, 0, 0, 0, 0, 0, 0, 0, 0, 0, 0, 0, 0, 0, 0, 0, 0, 0,
0, 0, 0, 0, 0, 0, 0, 0, 0, 0, 0, 0, 0, 0, 0, 0, 0, 0, 0, 0, 0, 0, 0, 0, 0, 0, 0, 0, 0, 0, 0, 0, 0, 0, 0,
0, 0, 0, 0, 0, 0, 0, 0, 0, 0, 0, 0, 0, 0, 0, 0, 0, 0, 0, 0, 0, 0, 0, 0, 0, 0, 0, 0, 0, 0, 0, 0, 0, 0, 0,
0, 0, 0, 0, 0, 0, 0, 0, 0, 0, 0, 0, 0, 0, 0, 0, 0, 0, 0, 0, 0, 0, 0, 0, 0, 0, 0, 0, 0, 0, 0, 0, 0, 0, 0,
0, 0, 0, 0, 0, 0, 0, 0, 0, 0, 0, 0, 0, 0, 0, 0, 0, 0, 0, 0, 0, 0, 0, 0, 0, 0, 0, 0, 0, 0, 0, 0, 0, 0, 0,
0, 0, 0, 0, 0, 0, 0, 0, 0, 0, 0, 0, 0, 0, 0, 0, 0, 0, 0, 0, 0, 0, 0, 0, 0, 0, 0, 0, 0, 0, 0, 0, 0, 0, 0,
0, 0, 0, 0, 0, 0, 0, 0, 0, 0, 0, 0, 0, 0, 0, 0, 0, 0, 0, 0, 0, 0, 0, 0, 0, 0, 0, 0, 0, 0, 0, 0, 0, 0, 0,
0, 0, 0, 0, 0, 0, 0, 0, 0, 0, 0, 0, 0, 0, 0, 0, 0, 0, 0, 0, 0, 0, 0, 0, 0, 0, 0, 0, 0, 0, 0, 0, 0, 0, 0,
0, 0, 0, 0, 0, 0, 0, 0, 0, 0, 0, 0, 0, 0, 0, 0, 0, 0, 0, 0, 0, 0, 0, 0, 0, 0, 0, 0, 0, 0, 0, 0, 0, 0, 0,
0, 0, 0, 0, 0, 0, 0, 0, 0, 0, 0, 0, 0, 0, 0, 0, 0, 0, 0, 0, 0, 0, 0, 0, 0, 0, 0, 0, 0, 0, 0, 0, 0, 0, 0,
0, 0, 0, 0, 0, 0, 0, 0, 0, 0, 0, 0, 0, 0, 0, 0, 0, 0, 0, 0, 0, 0, 0, 0, 0, 0, 0, 0, 0, 0, 0, 0, 0, 0, 0,
0, 0, 0, 0, 0, 0, 0, 0, 0, 0, 0, 0, 0, 0, 0, 0, 0, 0, 0, 0, 0, 0, 0, 0, 0, 0, 0, 0, 0, 0, 0, 0, 0, 0, 0,
0, 0, 0, 0, 0, 0, 0, 0, 0, 0, 0, 0, 0, 0, 0, 0, 0, 0, 0, 0, 0, 0, 0, 0, 0, 0, 0, 0, 0, 0, 0, 0, 0, 0, 0,
0, 0, 0, 0, 0, 0, 0, 0, 0, 0, 0, 0, 0, 0, 0, 0, 0, 0, 0, 0, 0, 0, 0, 0, 0, 0, 0, 0, 0, 0, 0, 0, 0, 0, 0,
0, 0, 0, 0, 0, 0, 0, 0, 0, 0, 0, 0, 0, 0, 0, 0, 0, 0, 0, 0, 0, 0, 0, 0, 0, 0, 0, 0, 0, 0, 0, 0, 0, 0, 0,
0, 0, 0, 0, 0, 0, 0, 0, 0, 0, 0, 0, 0, 0, 0, 0, 0, 0, 0, 0, 0, 0, 0, 0, 0, 0, 0, 0, 0, 0, 0, 0, 0, 0, 0,
0, 0, 0, 0, 0, 0, 0, 0, 0, 0, 0, 0, 0, 0, 0, 0, 0, 0, 0, 0, 0, 0, 0, 0, 0, 0, 0, 0, 0, 0, 0, 0, 0, 0, 0,
0, 0, 0, 0, 0, 0, 0, 0, 0, 0, 0, 0, 0, 0, 0, 0, 0, 0, 0, 0, 0, 0, 0, 0, 0, 0, 0, 0, 0, 0, 0, 0, 0, 0, 0,
0, 0, 0, 0, 0, 0, 0, 0, 0, 0, 0, 0, 0, 0, 0, 0, 0, 0, 0, 0, 0, 0, 0, 0, 0, 0, 0, 0, 0, 0, 0, 0, 0, 0, 0,
0, 0, 0, 0, 0, 0, 0, 0, 0, 0, 0, 0, 0, 0, 0, 0, 0, 0, 0, 0, 0, 0, 0, 0, 0, 0, 0, 0, 0, 0, 0, 0, 0, 0, 0,
0, 0, 0, 0, 0, 0, 0, 0, 0, 0, 0, 0, 0, 0, 0, 0, 0, 0, 0, 0, 0, 0, 0, 0, 0, 0, 0, 0, 0, 0, 0, 0, 0, 0, 0,
0, 0, 0, 0, 0, 0, 0, 0, 0, 0, 0, 0, 0, 0, 0, 0, 0, 0, 0, 0, 0, 0, 0, 0, 0, 0, 0, 0, 0, 0, 0, 0, 0, 0, 0,
0, 0, 0, 0, 0, 0, 0, 0, 0, 0, 0, 0, 0, 0, 0, 0, 0, 0, 0, 0, 0, 0, 0, 0, 0, 0, 0, 0, 0, 0, 0, 0, 0, 0, 0,
0, 0, 0, 0, 0, 0, 0, 0, 0, 0, 0, 0, 0, 0, 0, 0, 0, 0, 0, 0, 0, 0, 0, 0, 0, 0, 0, 0, 0, 0, 0, 0, 0, 0, 0,
0, 0, 0, 0, 0, 0, 0, 0, 0, 0, 0, 0, 0, 0, 0, 0, 0, 0, 0, 0, 0, 0, 0, 0, 0, 0, 0, 0, 0, 0, 0, 0, 0, 0, 0,
0, 0, 0, 0, 0, 0, 0, 0, 0, 0, 0, 0, 0, 0, 0, 0, 0, 0, 0, 0, 0, 0, 0, 0, 0, 0, 0, 0, 0, 0, 0, 0, 0, 0, 0,
0, 0, 0, 0, 0, 0, 0, 0, 0, 0, 0, 0, 0, 0, 0, 0, 0, 0, 0, 0, 0, 0, 0, 0, 0, 0, 0, 0, 0, 0, 0, 0, 0, 0, 0,
0, 0, 0, 0, 0, 0, 0, 0, 0, 0, 0, 0, 0, 0, 0, 0, 0, 0, 0, 0, 0, 0, 0, 0, 0, 0, 0, 0, 0, 0, 0, 0, 0, 0, 0,
0, 0, 0, 0, 0, 0, 0, 0, 0, 0, 0, 0, 0, 0, 0, 0, 0, 0, 0, 0, 0, 0, 0, 0, 0, 0, 0, 0, 0, 0, 0, 0, 0, 0, 0,
0, 0, 0, 0, 0, 0, 0, 0, 0, 0, 0, 0, 0, 0, 0, 0, 0, 0, 0, 0, 0, 0, 0, 0, 0, 0, 0, 0, 0, 0, 0, 0, 0, 0, 0,
0, 0, 0, 0, 0, 0, 0, 0, 0, 0, 0, 0, 0, 0, 0, 0, 0, 0, 0, 0, 0, 0, 0, 0, 0, 0, 0, 0, 0, 0, 0, 0, 0, 0, 0,
0, 0, 0, 0, 0, 0, 0, 0, 0, 0, 0, 0, 0, 0, 0, 0, 0, 0, 0, 0, 0, 0, 0, 0, 0, 0, 0, 0, 0, 0, 0, 0, 0, 0, 0,
0, 0, 0, 0, 0, 0, 0, 0, 0, 0, 0, 0, 0, 0, 0, 0, 0, 0, 0, 0, 0, 0, 0, 0, 0, 0, 0, 0, 0, 0, 0, 0, 0, 0, 0,
0, 0, 0, 0, 0, 0, 0, 0, 0, 0, 0, 0, 0, 0, 0, 0, 0, 0, 0, 0, 0, 0, 0, 0, 0, 0, 0, 0, 0, 0, 0, 0, 0, 0, 0,
0, 0, 0, 0, 0, 0, 0, 0, 0, 0, 0, 0, 0, 0, 0, 0, 0, 0, 0, 0, 0, 0, 0, 0, 0, 0, 0, 0, 0, 0, 0, 0, 0, 0, 0,
0, 0, 0, 0, 0, 0, 0, 0, 0, 0, 0, 0, 0, 0, 0, 0, 0, 0, 0, 0, 0, 0, 0, 0, 0, 0, 0, 0, 0, 0, 0, 0, 0, 0, 0,
0, 0, 0, 0, 0, 0, 0, 0, 0, 0, 0, 0, 0, 0, 0, 0, 0, 0, 0, 0, 0, 0, 0, 0, 0, 0, 0, 0, 0, 0, 0, 0, 0, 0, 0,
0, 0, 0, 0, 0, 0, 0, 0, 0, 0, 0, 0, 0, 0, 0, 0, 0, 0, 0, 0, 0, 0, 0, 0, 0, 0, 0, 0, 0, 0, 0, 0, 0, 0, 0,
0, 0, 0, 0, 0, 0, 0, 0, 0, 0, 0, 0, 0, 0, 0, 0, 0, 0, 0, 0, 0, 0, 0, 0, 0, 0, 0, 0, 0, 0, 0, 0, 0, 0, 0,
0, 0, 0, 0, 0, 0, 0, 0, 0, 0, 0, 0, 0, 0, 0, 0, 0, 0, 0, 0, 0, 0, 0, 0, 0, 0, 0, 0, 0, 0, 0, 0, 0, 0, 0,
0, 0, 0, 0, 0, 0, 0, 0, 0, 0, 0, 0, 0, 0, 0, 0, 0, 0, 0, 0, 0, 0, 0, 0, 0, 0, 0, 0, 0, 0, 0, 0, 0, 0, 0,
0, 0, 0, 0, 0, 0, 0, 0, 0, 0, 0, 0, 0, 0, 0, 0, 0, 0, 0, 0, 0, 0, 0, 0, 0, 0, 0, 0, 0, 0, 0, 0, 0, 0, 0,
0, 0, 0, 0, 0, 0, 0, 0, 0, 0, 0, 0, 0, 0, 0, 0, 0, 0, 0, 0, 0, 0, 0, 0, 0, 0, 0, 0, 0, 0, 0, 0, 0, 0, 0,
0, 0, 0, 0, 0, 0, 0, 0, 0, 0, 0, 0, 0, 0, 0, 0, 0, 0, 0, 0, 0, 0, 0, 0, 0, 0, 0, 0, 0, 0, 0, 0, 0, 0, 0,
0, 0, 0, 0, 0, 0, 0, 0, 0, 0, 0, 0, 0, 0, 0, 0, 0, 0, 0, 0, 0, 0, 0, 0, 0, 0, 0, 0, 0, 0, 0, 0, 0, 0, 0,
0, 0, 0, 0, 0, 0, 0, 0, 0, 0, 0, 0, 0, 0, 0, 0, 0, 0, 0, 0, 0, 0, 0, 0, 0, 0, 0, 0, 0, 0, 0, 0, 0, 0, 0,
0, 0, 0, 
print model ok!
start rec...
get noise again...
speeking...
frm_num=67
-70, 42, 29, 41, 36, 40, 38, 41, 40, 43, 39, 40, 112, 12, 30, 24, 41, -55, -17, 66, 17, -14, -10, -14, 290, 10, -43, -10, -69, -88, 19, 82, 3, -24, -15,
-43, 327, 66, 18, -67, -121, -72, 25, 126, 29, -59, -31, -32, 266, 58, 12, -96, -94, -76, 30, 69, 16, -42, -60, -67, 277, 51, 55, -146, -70, -127, 42, 143, -32, -56,
-60, -82, 211, 46, 49, -202, -41, -99, 43, 160, -37, -89, -64, -26, 196, 91, 47, -218, -12, -84, 30, 179, -46, -78, -59, -54, 201, 65, -1, -207, 13, -51, 51, 106, -19,
-45, -92, -56, 98, 162, -58, -231, 1, -25, 24, 106, 46, -83, -128, -16, 144, 147, -7, -245, -52, -24, 35, 133, 41, -88, -102, -45, 119, 159, -67, -150, -14, -45, 36, 122,
27, -78, -72, -69, 145, 146, -2, -172, -53, -85, -21, 177, -1, -94, -110, -40, 146, 59, -13, -86, 73, -138, -47, 123, 21, -49, -79, -68, 156, 77, 21, -62, 38, -125, -5,
127, -22, -38, -68, -35, 162, 52, 3, -32, 81, -157, -83, 124, 8, 11, -19, -16, 119, 14, 10, -55, 34, -153, 1, 145, 6, -25, -35, -12, 161, -29, -42, -102, 36, -45,
-36, 146, 35, 14, 35, -15, 68, -32, -94, -91, 69, -60, -24, 138, 59, 35, 26, 2, 48, -44, -103, -67, 46, -81, 29, 144, 70, 56, 74, 47, 101, -22, -59, -27, 64,
-2, 34, 119, 54, 5, 57, -15, 125, 25, -30, -64, 56, -35, 34, 147, 5, -31, -32, -22, 5, -75, 96, -15, -43, -7, 57, 88, 56, -27, -85, -10, 0, -208, 77, 56,
-53, -28, 15, 96, 82, -43, -72, -68, 75, -197, 98, 68, -33, -46, -55, 73, 75, -7, -59, 2, 207, -148, -46, -91, -41, 8, 50, 55, -2, -23, -21, 22, 259, -244, -146,
-97, 2, 20, 46, -57, -68, -109, -19, -13, 230, -244, -167, -10, 100, -11, 153, -60, -137, -37, 11, -44, 173, -278, -152, 3, 96, -39, 121, -61, -141, -18, 0, -26, 241, -266,
-158, 39, 98, -45, 196, -10, -107, -66, 6, -12, 252, -313, -178, 56, 74, -106, 178, 37, -125, -74, -13, -15, 256, -333, -206, 30, 85, -77, 176, 41, -103, -42, 5, -20, 211,
-352, -221, 85, 53, -64, 202, 31, -87, -76, 14, -43, 202, -340, -176, 38, 67, -77, 165, 23, -94, -67, -3, -38, 315, -284, -175, 39, 33, -110, 113, 57, -92, 22, 63, 0,
323, -273, -151, -4, 12, -88, 81, 61, -99, -5, 75, 28, 325, -175, -59, 78, 7, -100, 105, 49, -170, -78, 104, -8, 270, -128, 41, 105, -26, -112, 77, 77, -117, -87, 40,
-28, 276, -196, -61, 80, 14, -66, 94, 102, -73, -68, 10, -33, 296, -204, -109, 83, 18, -40, 86, 86, -68, -34, 49, -38, 314, -167, -116, 104, 33, -56, 90, 86, -40, -40,
42, -37, 267, -191, -85, 116, 31, -95, 51, 115, -59, 17, 32, -72, 194, -224, -92, 66, 18, -59, 95, 96, -66, -14, 65, -40, 220, -202, -128, 2, -26, -24, 126, 121, -33,
-51, 40, 4, 312, -176, -162, -3, -12, -39, 84, 69, -51, -30, 48, -18, 232, -118, -157, 41, 22, -35, 134, 109, -58, -51, 65, -15, 142, -18, -143, 79, 31, -41, 100, 18,
-61, -40, 91, -5, 70, -11, -188, 116, 7, 39, 42, 41, -118, -17, 76, -66, -52, 104, -218, 196, 35, 31, 45, 61, -83, 2, 58, -5, -20, 82, -254, 112, -27, 47, 58,
32, -34, -40, 19, -1, -32, 107, -183, 69, 39, 74, 4, 0, -10, -18, 20, 22, -1, 68, -150, 54, -14, -14, 15, 40, -62, -59, -3, -4, 180, 16, -164, -101, -79, 14,
88, 34, -29, -40, -46, -12, 139, -49, -128, -94, -62, 11, 55, 79, 10, -30, -83, 14, 165, -94, -161, -51, -26, 121, 63, 23, -72, -38, -24, -19, 87, -127, -111, 62, -7,
73, 13, 11, -50, -9, -18, -19, 75, -184, -154, 48, 46, 120, 110, 65, -41, -47, -57, -28, 125, -204, -131, -34, 95, 52, 18, 124, -34, -42, -11, -1, 56, -206, -121, 37,
87, 32, 0, 85, -39, 17, 15, 2, 52, -225, -70, 31, 76, 0, 1, 21, -46, 70, -22, -9, 5, -192, -29, 41, 107, 79, 74, 92, -68, 67, -43, -30, -37, -203, -38,
-25, 38, 33, 63, 80, -32, 47, 5, -39, 78, -197, -25, 30, 32, 59, 23, 52, -33, 38, 25, -11, 109, -178, -36, -15, 93, 88, 69, 54, 5, -12, -81, -44, 119, -149,
-72, -65, 53, 14, 54, 100, -25, 16, -76, -53, 96, -147, -92, 64, 107, 78, 63, 33, -35, 9, -40, -67, 65, -161, -55, 23, 73, 26, 4, 58, -50, -3, -31, -77, 0,
0, 0, 0, 0, 0, 0, 0, 0, 0, 0, 0, 0, 0, 0, 0, 0, 0, 0, 0, 0, 0, 0, 0, 0, 0, 0, 0, 0, 0, 0, 0, 0, 0, 0, 0,
0, 0, 0, 0, 0, 0, 0, 0, 0, 0, 0, 0, 0, 0, 0, 0, 0, 0, 0, 0, 0, 0, 0, 0, 0, 0, 0, 0, 0, 0, 0, 0, 0, 0, 0,
0, 0, 0, 0, 0, 0, 0, 0, 0, 0, 0, 0, 0, 0, 0, 0, 0, 0, 0, 0, 0, 0, 0, 0, 0, 0, 0, 0, 0, 0, 0, 0, 0, 0, 0,
0, 0, 0, 0, 0, 0, 0, 0, 0, 0, 0, 0, 0, 0, 0, 0, 0, 0, 0, 0, 0, 0, 0, 0, 0, 0, 0, 0, 0, 0, 0, 0, 0, 0, 0,
0, 0, 0, 0, 0, 0, 0, 0, 0, 0, 0, 0, 0, 0, 0, 0, 0, 0, 0, 0, 0, 0, 0, 0, 0, 0, 0, 0, 0, 0, 0, 0, 0, 0, 0,
0, 0, 0, 0, 0, 0, 0, 0, 0, 0, 0, 0, 0, 0, 0, 0, 0, 0, 0, 0, 0, 0, 0, 0, 0, 0, 0, 0, 0, 0, 0, 0, 0, 0, 0,
0, 0, 0, 0, 0, 0, 0, 0, 0, 0, 0, 0, 0, 0, 0, 0, 0, 0, 0, 0, 0, 0, 0, 0, 0, 0, 0, 0, 0, 0, 0, 0, 0, 0, 0,
0, 0, 0, 0, 0, 0, 0, 0, 0, 0, 0, 0, 0, 0, 0, 0, 0, 0, 0, 0, 0, 0, 0, 0, 0, 0, 0, 0, 0, 0, 0, 0, 0, 0, 0,
0, 0, 0, 0, 0, 0, 0, 0, 0, 0, 0, 0, 0, 0, 0, 0, 0, 0, 0, 0, 0, 0, 0, 0, 0, 0, 0, 0, 0, 0, 0, 0, 0, 0, 0,
0, 0, 0, 0, 0, 0, 0, 0, 0, 0, 0, 0, 0, 0, 0, 0, 0, 0, 0, 0, 0, 0, 0, 0, 0, 0, 0, 0, 0, 0, 0, 0, 0, 0, 0,
0, 0, 0, 0, 0, 0, 0, 0, 0, 0, 0, 0, 0, 0, 0, 0, 0, 0, 0, 0, 0, 0, 0, 0, 0, 0, 0, 0, 0, 0, 0, 0, 0, 0, 0,
0, 0, 0, 0, 0, 0, 0, 0, 0, 0, 0, 0, 0, 0, 0, 0, 0, 0, 0, 0, 0, 0, 0, 0, 0, 0, 0, 0, 0, 0, 0, 0, 0, 0, 0,
0, 0, 0, 0, 0, 0, 0, 0, 0, 0, 0, 0, 0, 0, 0, 0, 0, 0, 0, 0, 0, 0, 0, 0, 0, 0, 0, 0, 0, 0, 0, 0, 0, 0, 0,
0, 0, 0, 0, 0, 0, 0, 0, 0, 0, 0, 0, 0, 0, 0, 0, 0, 0, 0, 0, 0, 0, 0, 0, 0, 0, 0, 0, 0, 0, 0, 0, 0, 0, 0,
0, 0, 0, 0, 0, 0, 0, 0, 0, 0, 0, 0, 0, 0, 0, 0, 0, 0, 0, 0, 0, 0, 0, 0, 0, 0, 0, 0, 0, 0, 0, 0, 0, 0, 0,
0, 0, 0, 0, 0, 0, 0, 0, 0, 0, 0, 0, 0, 0, 0, 0, 0, 0, 0, 0, 0, 0, 0, 0, 0, 0, 0, 0, 0, 0, 0, 0, 0, 0, 0,
0, 0, 0, 0, 0, 0, 0, 0, 0, 0, 0, 0, 0, 0, 0, 0, 0, 0, 0, 0, 0, 0, 0, 0, 0, 0, 0, 0, 0, 0, 0, 0, 0, 0, 0,
0, 0, 0, 0, 0, 0, 0, 0, 0, 0, 0, 0, 0, 0, 0, 0, 0, 0, 0, 0, 0, 0, 0, 0, 0, 0, 0, 0, 0, 0, 0, 0, 0, 0, 0,
0, 0, 0, 0, 0, 0, 0, 0, 0, 0, 0, 0, 0, 0, 0, 0, 0, 0, 0, 0, 0, 0, 0, 0, 0, 0, 0, 0, 0, 0, 0, 0, 0, 0, 0,
0, 0, 0, 0, 0, 0, 0, 0, 0, 0, 0, 0, 0, 0, 0, 0, 0, 0, 0, 0, 0, 0, 0, 0, 0, 0, 0, 0, 0, 0, 0, 0, 0, 0, 0,
0, 0, 0, 0, 0, 0, 0, 0, 0, 0, 0, 0, 0, 0, 0, 0, 0, 0, 0, 0, 0, 0, 0, 0, 0, 0, 0, 0, 0, 0, 0, 0, 0, 0, 0,
0, 0, 0, 0, 0, 0, 0, 0, 0, 0, 0, 0, 0, 0, 0, 0, 0, 0, 0, 0, 0, 0, 0, 0, 0, 0, 0, 0, 0, 0, 0, 0, 0, 0, 0,
0, 0, 0, 0, 0, 0, 0, 0, 0, 0, 0, 0, 0, 0, 0, 0, 0, 0, 0, 0, 0, 0, 0, 0, 0, 0, 0, 0, 0, 0, 0, 0, 0, 0, 0,
0, 0, 0, 0, 0, 0, 0, 0, 0, 0, 0, 0, 0, 0, 0, 0, 0, 0, 0, 0, 0, 0, 0, 0, 0, 0, 0, 0, 0, 0, 0, 0, 0, 0, 0,
0, 0, 0, 0, 0, 0, 0, 0, 0, 0, 0, 0, 0, 0, 0, 0, 0, 0, 0, 0, 0, 0, 0, 0, 0, 0, 0, 0, 0, 0, 0, 0, 0, 0, 0,
0, 0, 0, 0, 0, 0, 0, 0, 0, 0, 0, 0, 0, 0, 0, 0, 0, 0, 0, 0, 0, 0, 0, 0, 0, 0, 0, 0, 0, 0, 0, 0, 0, 0, 0,
0, 0, 0, 0, 0, 0, 0, 0, 0, 0, 0, 0, 0, 0, 0, 0, 0, 0, 0, 0, 0, 0, 0, 0, 0, 0, 0, 0, 0, 0, 0, 0, 0, 0, 0,
0, 0, 0, 0, 0, 0, 0, 0, 0, 0, 0, 0, 0, 0, 0, 0, 0, 0, 0, 0, 0, 0, 0, 0, 0, 0, 0, 0, 0, 0, 0, 0, 0, 0, 0,
0, 0, 0, 0, 0, 0, 0, 0, 0, 0, 0, 0, 0, 0, 0, 0, 0, 0, 0, 0, 0, 0, 0, 0, 0, 0, 0, 0, 0, 0, 0, 0, 0, 0, 0,
0, 0, 0, 0, 0, 0, 0, 0, 0, 0, 0, 0, 0, 0, 0, 0, 0, 0, 0, 0, 0, 0, 0, 0, 0, 0, 0, 0, 0, 0, 0, 0, 0, 0, 0,
0, 0, 0, 0, 0, 0, 0, 0, 0, 0, 0, 0, 0, 0, 0, 0, 0, 0, 0, 0, 0, 0, 0, 0, 0, 0, 0, 0, 0, 0, 0, 0, 0, 0, 0,
0, 0, 0, 0, 0, 0, 0, 0, 0, 0, 0, 0, 0, 0, 0, 0, 0, 0, 0, 0, 0, 0, 0, 0, 0, 0, 0, 0, 0, 0, 0, 0, 0, 0, 0,
0, 0, 0, 0, 0, 0, 0, 0, 0, 0, 0, 0, 0, 0, 0, 0, 0, 0, 0, 0, 0, 0, 0, 0, 0, 0, 0, 0, 0, 0, 0, 0, 0, 0, 0,
0, 0, 0, 0, 0, 0, 0, 0, 0, 0, 0, 0, 0, 0, 0, 0, 0, 0, 0, 0, 0, 0, 0, 0, 0, 0, 0, 0, 0, 0, 0, 0, 0, 0, 0,
0, 0, 0, 0, 0, 0, 0, 0, 0, 0, 0, 0, 0, 0, 0, 0, 0, 0, 0, 0, 0, 0, 0, 0, 0, 0, 0, 0, 0, 0, 0, 0, 0, 0, 0,
0, 0, 0, 0, 0, 0, 0, 0, 0, 0, 0, 0, 0, 0, 0, 0, 0, 0, 0, 0, 0, 0, 0, 0, 0, 0, 0, 0, 0, 0, 0, 0, 0, 0, 0,
0, 0, 0, 0, 0, 0, 0, 0, 0, 0, 0, 0, 0, 0, 0, 0, 0, 0, 0, 0, 0, 0, 0, 0, 0, 0, 0, 0, 0, 0, 0, 0, 0, 0, 0,
0, 0, 0, 0, 0, 0, 0, 0, 0, 0, 0, 0, 0, 0, 0, 0, 0, 0, 0, 0, 0, 0, 0, 0, 0, 0, 0, 0, 0, 0, 0, 0, 0, 0, 0,
0, 0, 0, 0, 0, 0, 0, 0, 0, 0, 0, 0, 0, 0, 0, 0, 0, 0, 0, 0, 0, 0, 0, 0, 0, 0, 0, 0, 0, 0, 0, 0, 0, 0, 0,
0, 0, 0, 0, 0, 0, 0, 0, 0, 0, 0, 0, 0, 0, 0, 0, 0, 0, 0, 0, 0, 0, 0, 0, 0, 0, 0, 0, 0, 0, 0, 0, 0, 0, 0,
0, 0, 0, 0, 0, 0, 0, 0, 0, 0, 0, 0, 0, 0, 0, 0, 0, 0, 0, 0, 0, 0, 0, 0, 0, 0, 0, 0, 0, 0, 0, 0, 0, 0, 0,
0, 0, 0, 0, 0, 0, 0, 0, 0, 0, 0, 0, 0, 0, 0, 0, 0, 0, 0, 0, 0, 0, 0, 0, 0, 0, 0, 0, 0, 0, 0, 0, 0, 0, 0,
0, 0, 0, 0, 0, 0, 0, 0, 0, 0, 0, 0, 0, 0, 0, 0, 0, 0, 0, 0, 0, 0, 0, 0, 0, 0, 0, 0, 0, 0, 0, 0, 0, 0, 0,
0, 0, 0, 0, 0, 0, 0, 0, 0, 0, 0, 0, 0, 0, 0, 0, 0, 0, 0, 0, 0, 0, 0, 0, 0, 0, 0, 0, 0, 0, 0, 0, 0, 0, 0,
0, 0, 0, 0, 0, 0, 0, 0, 0, 0, 0, 0, 0, 0, 0, 0, 0, 0, 0, 0, 0, 0, 0, 0, 0, 0, 0, 0, 0, 0, 0, 0, 0, 0, 0,
0, 0, 0, 0, 0, 0, 0, 0, 0, 0, 0, 0, 0, 0, 0, 0, 0, 0, 0, 0, 0, 0, 0, 0, 0, 0, 0, 0, 0, 0, 0, 0, 0, 0, 0,
0, 0, 0, 0, 0, 0, 0, 0, 0, 0, 0, 0, 0, 0, 0, 0, 0, 0, 0, 0, 0, 0, 0, 0, 0, 0, 0, 0, 0, 0, 0, 0, 0, 0, 0,
0, 0, 0, 0, 0, 0, 0, 0, 0, 0, 0, 0, 0, 0, 0, 0, 0, 0, 0, 0, 0, 0, 0, 0, 0, 0, 0, 0, 0, 0, 0, 0, 0, 0, 0,
0, 0, 0, 0, 0, 0, 0, 0, 0, 0, 0, 0, 0, 0, 0, 0, 0, 0, 0, 0, 0, 0, 0, 0, 0, 0, 0, 0, 0, 0, 0, 0, 0, 0, 0,
0, 0, 0, 0, 0, 0, 0, 0, 0, 0, 0, 0, 0, 0, 0, 0, 0, 0, 0, 0, 0, 0, 0, 0, 0, 0, 0, 0, 0, 0, 0, 0, 0, 0, 0,
0, 0, 0, 0, 0, 0, 0, 0, 0, 0, 0, 0, 0, 0, 0, 0, 0, 0, 0, 0, 0, 0, 0, 0, 0, 0, 0, 0, 0, 0, 0, 0, 0, 0, 0,
0, 0, 0, 0, 0, 0, 0, 0, 0, 0, 0, 0, 0, 0, 0, 0, 0, 0, 0, 0, 0, 0, 0, 0, 0, 0, 0, 0, 0, 0, 0, 0, 0, 0, 0,
0, 0, 0, 
print model ok!
start rec...
get noise again...
speeking...
frm_num=77
-73, 34, 22, 33, 28, 33, 29, 33, 32, 33, 31, 30, 164, 22, -4, 25, 100, -13, -45, 33, -24, -90, -41, -24, 219, 106, -9, 38, 72, -74, -20, 51, -31, -74, -10,
24, 279, 47, -30, 24, 44, -82, -57, 36, 0, -5, -18, -20, 316, 104, -73, 6, 53, -89, -30, 56, -14, -25, 1, -27, 307, 43, -20, -49, 0, -10, -12, 29, -27, -52,
40, 14, 260, 27, -33, 0, 33, -50, -31, 46, 13, -35, 17, -14, 222, 58, -7, 1, 46, -66, -48, 62, 46, -30, -28, -4, 218, 19, -54, 42, 71, -28, -20, 31, 46,
21, 5, 36, 222, 11, -28, 31, 37, -61, -15, 89, 42, -11, -33, -2, 220, 55, 42, 42, -3, -71, -14, 93, 22, -36, -27, -40, 201, 51, 32, 66, 29, -64, -27, 64,
19, -15, -25, -66, 240, 107, 29, 35, 12, -63, -48, 50, 34, -28, -45, -29, 296, 97, -5, 49, 0, -100, -46, 69, 23, -28, -49, -9, 332, 60, -34, 17, -46, -122, -45,
104, 8, -61, -22, 17, 321, 37, -40, 1, -67, -143, -15, 102, 15, -73, -3, -41, 331, -28, -18, -28, -71, -94, -1, 73, -23, -57, -31, -34, 268, -3, 51, -149, -86, -7,
-28, 4, -8, -61, -20, -22, 196, 27, 62, -224, -35, 9, -34, 2, -13, -86, 21, -39, 150, 28, 0, -298, -18, -9, -33, 48, -20, -77, 14, 4, 67, 31, -30, -261, -31,
-68, 25, 41, -35, -19, 15, 24, 98, 67, -6, -289, 5, -81, 12, 29, -39, -21, -11, -20, 144, 76, 29, -293, -5, -78, 35, 8, -26, -22, -18, -12, 122, 88, 8, -274,
28, -132, 17, 45, -38, -49, 0, -22, 133, 107, -43, -273, 13, -135, -16, 68, -35, -68, 11, -25, 86, 106, -25, -273, -1, -126, -29, 88, -13, -56, -17, -6, 78, 150, 9,
-282, -15, -154, 15, 78, -4, -28, -1, -7, 132, 133, 5, -249, 0, -166, -22, 75, 6, -25, -16, -20, 176, 144, 25, -229, 44, -147, -15, 108, 16, -62, -18, 16, 199, 159,
27, -195, 44, -89, -33, 71, -2, -15, -11, -2, 165, 69, 6, -198, 46, -110, -1, 79, -14, -2, 11, -9, 87, 50, -57, -221, 48, -60, -11, 134, 42, 14, 71, 4, 122,
21, 20, -158, 85, -39, -25, 88, -52, -11, 28, -2, 150, 52, -4, -139, 92, -27, -12, 98, -53, -25, 0, -20, 114, -46, 12, -139, 73, -41, -17, 150, -7, -60, -3, -16,
55, 11, 9, -172, -2, -40, 2, 112, -14, 20, 77, 0, 5, -153, 23, 8, -55, -15, 61, 39, 28, 75, 11, 48, 38, -295, 3, 27, 13, 21, 29, 52, -21, 9, 16,
38, 71, -175, 47, -11, -36, -13, -36, 4, -42, 48, 28, -25, 228, -139, -41, -123, -58, -32, 37, 75, -49, 4, 9, -41, 225, -258, -225, -110, 10, -97, 54, 16, -108, -74,
-10, -29, 238, -315, -214, -47, 77, -57, 92, 2, -107, -77, 26, -26, 254, -319, -203, 26, 60, -81, 100, 8, -117, -53, 63, -6, 221, -336, -191, 7, 67, -100, 69, 20, -113,
-49, 93, 14, 202, -395, -212, 0, 80, -89, 98, 44, -115, -44, 79, 11, 261, -378, -210, 33, 62, -129, 135, 11, -72, -11, 57, 23, 257, -325, -173, 31, 13, -111, 99, 52,
-112, 2, 50, 40, 285, -265, -186, -8, 15, -75, 109, 1, -66, -18, 38, 27, 337, -200, -169, -71, -13, -79, 81, 12, -102, 17, 60, 0, 356, -220, -129, 76, 42, -85, 57,
6, -104, -29, 63, 28, 389, -176, -100, 54, 48, -96, 16, 35, -100, -52, 73, 0, 345, -163, -99, 126, 20, -102, 61, 68, -91, -29, 40, -3, 271, -202, -70, 98, 88, -14,
73, 54, -115, -65, 36, -19, 323, -142, -79, 101, 81, -54, 74, 20, -140, -66, 53, 43, 273, -146, -100, 45, 55, -17, 87, 79, -79, -39, 26, -23, 243, -234, -166, 43, 62,
1, 67, 41, -53, -27, 58, 4, 191, -189, -201, 9, 116, 23, 39, 84, -31, 32, 51, -1, 213, -157, -75, 48, 54, 17, 62, 29, -84, -44, 10, 8, 253, -114, -53, 103,
73, -27, 49, 74, -121, -48, 5, 35, 264, -80, -47, 43, 58, -62, 33, 90, -68, -117, -8, 6, 218, -15, -116, 24, 21, -59, 26, -12, -33, -19, -6, -37, 121, -49, -160,
59, 60, 19, 24, 78, -71, -39, 26, 1, -36, 63, -207, 110, 29, 37, -28, 22, -101, -29, 18, 28, -89, 103, -230, 92, 15, 42, 66, 63, -3, -50, 19, 55, -182, 82,
-252, 127, 37, 47, 4, 15, 3, -53, 22, 73, -126, 93, -235, 153, 75, -1, 22, 76, -28, -62, 39, 59, 3, 115, -59, 29, -24, -69, -6, 16, 12, -39, -24, 13, 108,
80, -101, -103, -66, -21, 11, 42, 26, -84, -82, 39, 139, 65, -126, -128, -59, -6, 69, 51, 19, -79, -113, 66, 148, -32, -161, -57, -7, 19, 37, 16, -2, -46, -108, 20,
147, -69, -137, -41, 48, 71, 39, -26, -18, -91, -4, 1, 132, -151, -133, -20, 21, 83, 111, -1, -27, 0, -29, -71, 118, -176, -173, -21, 15, 110, 51, 50, -25, 14, -3,
-65, 18, -251, -74, 30, 55, 28, 39, 42, -70, 60, 28, -49, 84, -171, -150, -21, 114, 3, 22, 56, -49, 19, -8, -55, 75, -216, -93, 31, 112, 39, 71, 45, -30, 6,
-52, -59, 83, -186, -71, -41, 105, -18, 6, 47, -55, 5, -30, -9, 0, 0, 0, 0, 0, 0, 0, 0, 0, 0, 0, 0, 0, 0, 0, 0, 0, 0, 0, 0, 0,
0, 0, 0, 0, 0, 0, 0, 0, 0, 0, 0, 0, 0, 0, 0, 0, 0, 0, 0, 0, 0, 0, 0, 0, 0, 0, 0, 0, 0, 0, 0, 0, 0, 0, 0,
0, 0, 0, 0, 0, 0, 0, 0, 0, 0, 0, 0, 0, 0, 0, 0, 0, 0, 0, 0, 0, 0, 0, 0, 0, 0, 0, 0, 0, 0, 0, 0, 0, 0, 0,
0, 0, 0, 0, 0, 0, 0, 0, 0, 0, 0, 0, 0, 0, 0, 0, 0, 0, 0, 0, 0, 0, 0, 0, 0, 0, 0, 0, 0, 0, 0, 0, 0, 0, 0,
0, 0, 0, 0, 0, 0, 0, 0, 0, 0, 0, 0, 0, 0, 0, 0, 0, 0, 0, 0, 0, 0, 0, 0, 0, 0, 0, 0, 0, 0, 0, 0, 0, 0, 0,
0, 0, 0, 0, 0, 0, 0, 0, 0, 0, 0, 0, 0, 0, 0, 0, 0, 0, 0, 0, 0, 0, 0, 0, 0, 0, 0, 0, 0, 0, 0, 0, 0, 0, 0,
0, 0, 0, 0, 0, 0, 0, 0, 0, 0, 0, 0, 0, 0, 0, 0, 0, 0, 0, 0, 0, 0, 0, 0, 0, 0, 0, 0, 0, 0, 0, 0, 0, 0, 0,
0, 0, 0, 0, 0, 0, 0, 0, 0, 0, 0, 0, 0, 0, 0, 0, 0, 0, 0, 0, 0, 0, 0, 0, 0, 0, 0, 0, 0, 0, 0, 0, 0, 0, 0,
0, 0, 0, 0, 0, 0, 0, 0, 0, 0, 0, 0, 0, 0, 0, 0, 0, 0, 0, 0, 0, 0, 0, 0, 0, 0, 0, 0, 0, 0, 0, 0, 0, 0, 0,
0, 0, 0, 0, 0, 0, 0, 0, 0, 0, 0, 0, 0, 0, 0, 0, 0, 0, 0, 0, 0, 0, 0, 0, 0, 0, 0, 0, 0, 0, 0, 0, 0, 0, 0,
0, 0, 0, 0, 0, 0, 0, 0, 0, 0, 0, 0, 0, 0, 0, 0, 0, 0, 0, 0, 0, 0, 0, 0, 0, 0, 0, 0, 0, 0, 0, 0, 0, 0, 0,
0, 0, 0, 0, 0, 0, 0, 0, 0, 0, 0, 0, 0, 0, 0, 0, 0, 0, 0, 0, 0, 0, 0, 0, 0, 0, 0, 0, 0, 0, 0, 0, 0, 0, 0,
0, 0, 0, 0, 0, 0, 0, 0, 0, 0, 0, 0, 0, 0, 0, 0, 0, 0, 0, 0, 0, 0, 0, 0, 0, 0, 0, 0, 0, 0, 0, 0, 0, 0, 0,
0, 0, 0, 0, 0, 0, 0, 0, 0, 0, 0, 0, 0, 0, 0, 0, 0, 0, 0, 0, 0, 0, 0, 0, 0, 0, 0, 0, 0, 0, 0, 0, 0, 0, 0,
0, 0, 0, 0, 0, 0, 0, 0, 0, 0, 0, 0, 0, 0, 0, 0, 0, 0, 0, 0, 0, 0, 0, 0, 0, 0, 0, 0, 0, 0, 0, 0, 0, 0, 0,
0, 0, 0, 0, 0, 0, 0, 0, 0, 0, 0, 0, 0, 0, 0, 0, 0, 0, 0, 0, 0, 0, 0, 0, 0, 0, 0, 0, 0, 0, 0, 0, 0, 0, 0,
0, 0, 0, 0, 0, 0, 0, 0, 0, 0, 0, 0, 0, 0, 0, 0, 0, 0, 0, 0, 0, 0, 0, 0, 0, 0, 0, 0, 0, 0, 0, 0, 0, 0, 0,
0, 0, 0, 0, 0, 0, 0, 0, 0, 0, 0, 0, 0, 0, 0, 0, 0, 0, 0, 0, 0, 0, 0, 0, 0, 0, 0, 0, 0, 0, 0, 0, 0, 0, 0,
0, 0, 0, 0, 0, 0, 0, 0, 0, 0, 0, 0, 0, 0, 0, 0, 0, 0, 0, 0, 0, 0, 0, 0, 0, 0, 0, 0, 0, 0, 0, 0, 0, 0, 0,
0, 0, 0, 0, 0, 0, 0, 0, 0, 0, 0, 0, 0, 0, 0, 0, 0, 0, 0, 0, 0, 0, 0, 0, 0, 0, 0, 0, 0, 0, 0, 0, 0, 0, 0,
0, 0, 0, 0, 0, 0, 0, 0, 0, 0, 0, 0, 0, 0, 0, 0, 0, 0, 0, 0, 0, 0, 0, 0, 0, 0, 0, 0, 0, 0, 0, 0, 0, 0, 0,
0, 0, 0, 0, 0, 0, 0, 0, 0, 0, 0, 0, 0, 0, 0, 0, 0, 0, 0, 0, 0, 0, 0, 0, 0, 0, 0, 0, 0, 0, 0, 0, 0, 0, 0,
0, 0, 0, 0, 0, 0, 0, 0, 0, 0, 0, 0, 0, 0, 0, 0, 0, 0, 0, 0, 0, 0, 0, 0, 0, 0, 0, 0, 0, 0, 0, 0, 0, 0, 0,
0, 0, 0, 0, 0, 0, 0, 0, 0, 0, 0, 0, 0, 0, 0, 0, 0, 0, 0, 0, 0, 0, 0, 0, 0, 0, 0, 0, 0, 0, 0, 0, 0, 0, 0,
0, 0, 0, 0, 0, 0, 0, 0, 0, 0, 0, 0, 0, 0, 0, 0, 0, 0, 0, 0, 0, 0, 0, 0, 0, 0, 0, 0, 0, 0, 0, 0, 0, 0, 0,
0, 0, 0, 0, 0, 0, 0, 0, 0, 0, 0, 0, 0, 0, 0, 0, 0, 0, 0, 0, 0, 0, 0, 0, 0, 0, 0, 0, 0, 0, 0, 0, 0, 0, 0,
0, 0, 0, 0, 0, 0, 0, 0, 0, 0, 0, 0, 0, 0, 0, 0, 0, 0, 0, 0, 0, 0, 0, 0, 0, 0, 0, 0, 0, 0, 0, 0, 0, 0, 0,
0, 0, 0, 0, 0, 0, 0, 0, 0, 0, 0, 0, 0, 0, 0, 0, 0, 0, 0, 0, 0, 0, 0, 0, 0, 0, 0, 0, 0, 0, 0, 0, 0, 0, 0,
0, 0, 0, 0, 0, 0, 0, 0, 0, 0, 0, 0, 0, 0, 0, 0, 0, 0, 0, 0, 0, 0, 0, 0, 0, 0, 0, 0, 0, 0, 0, 0, 0, 0, 0,
0, 0, 0, 0, 0, 0, 0, 0, 0, 0, 0, 0, 0, 0, 0, 0, 0, 0, 0, 0, 0, 0, 0, 0, 0, 0, 0, 0, 0, 0, 0, 0, 0, 0, 0,
0, 0, 0, 0, 0, 0, 0, 0, 0, 0, 0, 0, 0, 0, 0, 0, 0, 0, 0, 0, 0, 0, 0, 0, 0, 0, 0, 0, 0, 0, 0, 0, 0, 0, 0,
0, 0, 0, 0, 0, 0, 0, 0, 0, 0, 0, 0, 0, 0, 0, 0, 0, 0, 0, 0, 0, 0, 0, 0, 0, 0, 0, 0, 0, 0, 0, 0, 0, 0, 0,
0, 0, 0, 0, 0, 0, 0, 0, 0, 0, 0, 0, 0, 0, 0, 0, 0, 0, 0, 0, 0, 0, 0, 0, 0, 0, 0, 0, 0, 0, 0, 0, 0, 0, 0,
0, 0, 0, 0, 0, 0, 0, 0, 0, 0, 0, 0, 0, 0, 0, 0, 0, 0, 0, 0, 0, 0, 0, 0, 0, 0, 0, 0, 0, 0, 0, 0, 0, 0, 0,
0, 0, 0, 0, 0, 0, 0, 0, 0, 0, 0, 0, 0, 0, 0, 0, 0, 0, 0, 0, 0, 0, 0, 0, 0, 0, 0, 0, 0, 0, 0, 0, 0, 0, 0,
0, 0, 0, 0, 0, 0, 0, 0, 0, 0, 0, 0, 0, 0, 0, 0, 0, 0, 0, 0, 0, 0, 0, 0, 0, 0, 0, 0, 0, 0, 0, 0, 0, 0, 0,
0, 0, 0, 0, 0, 0, 0, 0, 0, 0, 0, 0, 0, 0, 0, 0, 0, 0, 0, 0, 0, 0, 0, 0, 0, 0, 0, 0, 0, 0, 0, 0, 0, 0, 0,
0, 0, 0, 0, 0, 0, 0, 0, 0, 0, 0, 0, 0, 0, 0, 0, 0, 0, 0, 0, 0, 0, 0, 0, 0, 0, 0, 0, 0, 0, 0, 0, 0, 0, 0,
0, 0, 0, 0, 0, 0, 0, 0, 0, 0, 0, 0, 0, 0, 0, 0, 0, 0, 0, 0, 0, 0, 0, 0, 0, 0, 0, 0, 0, 0, 0, 0, 0, 0, 0,
0, 0, 0, 0, 0, 0, 0, 0, 0, 0, 0, 0, 0, 0, 0, 0, 0, 0, 0, 0, 0, 0, 0, 0, 0, 0, 0, 0, 0, 0, 0, 0, 0, 0, 0,
0, 0, 0, 0, 0, 0, 0, 0, 0, 0, 0, 0, 0, 0, 0, 0, 0, 0, 0, 0, 0, 0, 0, 0, 0, 0, 0, 0, 0, 0, 0, 0, 0, 0, 0,
0, 0, 0, 0, 0, 0, 0, 0, 0, 0, 0, 0, 0, 0, 0, 0, 0, 0, 0, 0, 0, 0, 0, 0, 0, 0, 0, 0, 0, 0, 0, 0, 0, 0, 0,
0, 0, 0, 0, 0, 0, 0, 0, 0, 0, 0, 0, 0, 0, 0, 0, 0, 0, 0, 0, 0, 0, 0, 0, 0, 0, 0, 0, 0, 0, 0, 0, 0, 0, 0,
0, 0, 0, 0, 0, 0, 0, 0, 0, 0, 0, 0, 0, 0, 0, 0, 0, 0, 0, 0, 0, 0, 0, 0, 0, 0, 0, 0, 0, 0, 0, 0, 0, 0, 0,
0, 0, 0, 0, 0, 0, 0, 0, 0, 0, 0, 0, 0, 0, 0, 0, 0, 0, 0, 0, 0, 0, 0, 0, 0, 0, 0, 0, 0, 0, 0, 0, 0, 0, 0,
0, 0, 0, 0, 0, 0, 0, 0, 0, 0, 0, 0, 0, 0, 0, 0, 0, 0, 0, 0, 0, 0, 0, 0, 0, 0, 0, 0, 0, 0, 0, 0, 0, 0, 0,
0, 0, 0, 0, 0, 0, 0, 0, 0, 0, 0, 0, 0, 0, 0, 0, 0, 0, 0, 0, 0, 0, 0, 0, 0, 0, 0, 0, 0, 0, 0, 0, 0, 0, 0,
0, 0, 0, 0, 0, 0, 0, 0, 0, 0, 0, 0, 0, 0, 0, 0, 0, 0, 0, 0, 0, 0, 0, 0, 0, 0, 0, 0, 0, 0, 0, 0, 0, 0, 0,
0, 0, 0, 0, 0, 0, 0, 0, 0, 0, 0, 0, 0, 0, 0, 0, 0, 0, 0, 0, 0, 0, 0, 0, 0, 0, 0, 0, 0, 0, 0, 0, 0, 0, 0,
0, 0, 0, 
print model ok!

